2.4299601038072183
2.4238726203702754
2.4232262212830733
2.415793450251556
2.414716361974911
2.415793450251556
2.4180015800714045
2.419509647539826
2.418217014485947
2.428559354418269
2.4329772841894055
2.4338932630593604
2.435024797953247
2.436910767025495
2.436802994751531
2.436802994751531
2.436749108733352
2.4370185396160764
2.4369646532812226
2.43685688084895
2.4348092648057786
2.435132565001993
2.435024797953247
2.4261889773021608
2.4280206188961415
2.425057714946149
2.4240342219217723
2.4235494194029457
2.4204252901754444
2.4206407388225557
2.419832812919367
2.4187017465441727
2.4170859979212764
2.4173014269598525
2.417193712282426
2.417193712282426
2.4173014269598525
2.416601287209062
2.4164935745871503
2.4169244269724004
2.417570715037016
2.4178938633383495
2.4173552844172264
2.4170859979212764
2.414393241657308
2.4103544777474895
2.4107852580526696
2.411216043415095
2.410462172349753
2.411646833834652
2.4093313947899446
2.4114314379926896
2.412508429846639
2.4138008617985065
2.4140162715497127
2.4138008617985065
2.4129392354391825
2.4127776827492085
2.4124007292387546
2.4122930289470332
2.4123468790533593
2.41186223094104
2.4107852580526696
2.410462172349753
2.4098160094773675
2.4093852405502503
2.4091698579829313
2.4091160125385613
2.4094929323078986
2.409600624381767
2.409869855948841
2.4092775491085376
2.409600624381767
2.4098160094773675
2.410516019769318
2.41455480146044
2.422256644007234
2.418594027755603
2.417193712282426
2.4187017465441727
2.4190249048076
2.419778951825151
2.420963914165668
2.4182708732873266
2.4190787647949605
2.417462999569011
2.417947721665314
2.417732288831928
2.417462999569011
2.418378591127123
2.4182708732873266
2.418378591127123
2.419186485006719
2.419509647539826
2.419509647539826
2.419778951825151
2.420048258087263
2.4199405353451766
2.4199943966767137
2.42026370452038
2.420048258087263
2.420155981145683
2.4206407388225557
2.420479152218604
2.4209100514107718
2.4208561887350015
2.4208561887350015
2.4209100514107718
2.42134095566405
2.4216641371753553
2.4218795930979695
2.4220411858702846
2.422202779354336
2.422472103409575
2.4236571527424076
2.4250038461802887
2.4252193217183162
2.4250038461802887
2.4251654527151345
2.4257580161005308
2.4237110195307423
2.422525968457876
2.42198732153372
2.422202779354336
2.421125502904772
2.4210177769996335
2.4215025460638344
2.423280087438684
2.421179365975945
2.4205330143408332
2.4203175663262755
2.4173014269598525
2.4156318849944682
2.412993086493884
2.413423897776738
2.4117545322298497
2.413639305314973
2.412723832010613
2.4130469376275983
2.413693157397063
2.413154640132177
2.4134777495427215
2.4123468790533593
2.4075006859462746
2.4047009549387894
2.4037857045880173
2.402924313342851
2.402601296837986
2.402547461030281
2.4015245956867943
2.4012554253342273
2.399532781820767
2.3988868113466424
2.3968951406138217
2.3938809255849947
2.3895753334052188
2.3883375691063975
2.3869384075384232
2.385754543242342
2.386077411537258
2.386077411537258
2.3842478620720158
2.382741242726638
2.379943399371882
2.37940537701229
2.3796743872067054
2.377791357229796
2.3771457691797764
2.3767691813918645
2.3767691813918645
2.375209073124097
2.3753704605611006
2.376661585590341
2.3741331750021573
2.3738104117118723
2.3727345545640333
2.3721966378086563
2.372250429129565
2.372411803565342
2.3727883466728485
2.3727345545640333
2.372626970582644
2.3724655952014473
2.3725731787101267
2.3714435675869936
2.371013248678878
2.37095945916991
2.3709056697396136
2.3709056697396136
2.369238236474928
2.3695609595859537
2.3689693027150724
2.369399597675965
2.3696685345864807
2.370045049569569
2.3699912614785603
2.3695609595859537
2.36972232220495
2.3686465848026614
2.3687541571251245
2.3685927987596074
2.367839802426772
2.3684852269097405
2.36880794340442
2.3674095257389354
2.368054942660933
2.3678935873671776
2.3674095257389354
2.3663338560709803
2.3667103368714493
2.3661725083377405
2.366441421620209
2.3662800734144867
2.364774191003903
2.3648279714554974
2.3649893132828765
2.364290170482718
2.3636448197087816
2.363322148573559
2.3630532581259445
2.362461706069496
2.36278436964659
2.3630532581259445
2.3636985985069714
2.363859935373682
2.364397730047358
2.3644515099478554
2.365258217903204
2.365796033049719
2.366548987484407
2.366387638806259
2.364935532595041
2.364774191003903
2.365204436821614
2.363806156339308
2.3654195616203424
2.3660111613132244
2.3660649435759638
2.3656346876788916
2.365150655818809
2.365204436821614
2.365580906046148
2.365365780302511
2.3656346876788916
2.3646666303369557
2.3646128501215458
2.3637523773837756
2.3634297053037017
2.3628919248021703
2.3636448197087816
2.3622465985926624
2.3621390453265576
2.362838147185016
2.362031492375422
2.3622465985926624
2.3622465985926624
2.3624079290822237
2.3622465985926624
2.3618163874177185
2.36230037534375
2.362031492375422
2.361977716017975
2.362031492375422
2.362623037503795
2.362031492375422
2.3618163874177185
2.3621390453265576
2.3618163874177185
2.3613324058684384
2.3618163874177185
2.3613861812812047
2.3613324058684384
2.361708835411264
2.3616012837197218
2.3621390453265576
2.361063529985074
2.3611173050043135
2.3611173050043135
2.361171080102281
2.3611173050043135
2.361708835411264
2.3619239397391425
2.361547507991986
2.3616550595261288
2.3618163874177185
2.3619239397391425
2.361708835411264
2.3619239397391425
2.3618163874177185
2.361977716017975
2.362031492375422
2.3618163874177185
2.361708835411264
2.361708835411264
2.3618701635391517
2.362031492375422
2.3625692602803383
2.3625692602803383
2.36230037534375
2.3621928219203028
2.362461706069496
2.36230037534375
2.362515483135553
2.3618701635391517
2.36230037534375
2.3619239397391425
2.3618163874177185
2.361009755044563
2.3612786305342865
2.3613861812812047
2.3612248552789197
2.3613324058684384
2.3612786305342865
2.3613324058684384
2.3616550595261288
2.361762611375184
2.361439956772756
2.3618163874177185
2.3612248552789197
2.360472009968987
2.3608484306953414
2.361009755044563
2.3600418195759403
2.3598804994774127
2.360418235894315
2.3619239397391425
2.3628919248021703
2.3635910409894336
2.360418235894315
2.361063529985074
2.362031492375422
2.360203140383021
2.3603106879812685
2.360364461898371
2.361708835411264
2.359719180087211
2.360472009968987
2.359772953138531
2.359073909610345
2.3605257841222738
2.3603106879812685
2.3594503160111344
2.3607408815227586
2.3629457024980525
2.360902205399725
2.3619239397391425
2.3616012837197218
2.3613324058684384
2.360364461898371
2.3612786305342865
2.362515483135553
2.3618701635391517
2.3611173050043135
2.3606333326650315
2.361547507991986
2.3613861812812047
2.3613324058684384
2.361171080102281
2.361762611375184
2.3613324058684384
2.3674633100492315
2.3687003709245005
2.361547507991986
2.3687003709245005
2.363537262348814
2.3698298976780734
2.3689693027150724
2.3663338560709803
2.366602770534712
2.36278436964659
2.365204436821614
2.3677860175651517
2.365473343016845
2.3677860175651517
2.372142846566419
2.3733800650706485
2.3739717930023403
2.367678448078152
2.3634297053037017
2.379997202041352
2.3747249150685548
2.374778710092926
2.365150655818809
2.3701526259879984
2.3718738915371205
2.371174617678605
2.37182010076765
2.3700988377394197
2.375962220564645
2.378705959729757
2.3727345545640333
2.37182010076765
2.3707443019216043
2.3687003709245005
2.3686465848026614
2.364021272949003
2.3656346876788916
2.366548987484407
2.3704215684126098
2.3866693441190137
2.3800510047897774
2.366495204512944
2.37095945916991
2.3727345545640333
2.3726807625338893
2.37752236082963
2.375209073124097
2.3798357942692974
2.378921163628547
2.414500948113698
2.3882299394003326
2.3992636260749123
2.3842478620720158
2.427266402457633
2.3932888767152463
2.3845169077464448
2.388552829465084
2.453080196233202
2.4242496917643734
2.493535002362705
2.4026551327247034
2.482149201099844
2.4295290982979054
2.4860340057088024
2.44709667635766
2.5138871690713245
2.5098914217580273
2.523014227523049
2.542031741841754
2.4680163040849266
2.498608489554101
2.470173645765499
2.4990403081501995
2.4293135974423876
2.4548592688536246
2.4232262212830733
2.4710366179972993
2.526147115344145
2.3884451991279434
2.395280351781878
2.5533280690246443
2.4509777671623283
2.3874765402927665
2.4295290982979054
2.4316841764917285
2.3945806320147085
2.4887320290715707
2.4514090248351295
2.500065897721072
2.3874765402927665
2.384032626951921
2.3846783360974655
2.3830640845249604
2.390167322387242
2.3950112272160595
2.381288489760607
2.4369646532812226
2.3944191601163425
2.392050987205721
2.4077699021073613
2.409762163084963
2.383171699088507
2.421179365975945
2.3884451991279434
2.3870998465365005
2.3870460334582617
2.403570354881367
2.4011477577460028
2.399209795162676
2.403247332690569
2.4082006520731625
2.406046952802569
2.4206407388225557
2.481070161806997
2.5020631808882285
2.4987704209309527
2.5095134682343883
2.4380962829416717
2.405185508482816
2.40373186704295
2.3912436904485617
2.3940423951157754
2.4263505890580745
2.395710955191305
2.4068007331701438
2.3979717059684162
2.393827102565865
2.3823645975495538
2.390436411444
2.383871201439888
2.390113504812632
2.3798357942692974
2.385969788456805
2.382256985351489
2.3744559411290993
2.3752628688576465
2.3724655952014473
2.369238236474928
2.365365780302511
2.3673019573545844
2.365096874894789
2.3650430940494402
2.3654195616203424
2.3657422511806203
2.367624663452773
2.365311999063408
2.3656346876788916
2.3648817519859335
2.363322148573559
2.3628919248021703
2.36230037534375
2.3620852688116543
2.3619239397391425
2.3616012837197218
2.361547507991986
2.3619239397391425
2.362031492375422
2.36230037534375
2.362623037503795
2.3624079290822237
2.362515483135553
2.360955980182723
2.3611173050043135
2.3608484306953414
2.360794656069686
2.360902205399725
2.3608484306953414
2.360418235894315
2.3608484306953414
2.3605257841222738
2.360149366701876
2.3599880461310363
2.3599342727649173
2.3591276817172684
2.3594503160111344
2.359557861405392
2.3588050502568194
2.3585361928707584
2.358159795836002
2.358159795836002
2.3588588219701023
2.3591276817172684
2.3582673374523893
2.3590201375821493
2.3591276817172684
2.3593427709316757
2.3593965434320125
2.359665407114562
2.3593427709316757
2.360418235894315
2.360203140383021
2.3613861812812047
2.363537262348814
2.363160814068806
2.3648279714554974
2.365688469390477
2.365849814997432
2.3662800734144867
2.366495204512944
2.364720410631037
2.365365780302511
2.3656346876788916
2.3661725083377405
2.366495204512944
2.3667641201579954
2.366979254091575
2.3677860175651517
2.3674633100492315
2.3684314411030414
2.368915516199536
2.3685390127952815
2.369776109902091
2.3688617297626138
2.3689693027150724
2.3682162986634694
2.366656553663745
2.3674633100492315
2.366602770534712
2.366656553663745
2.3667103368714493
2.3669254704900595
2.3670330377718187
2.3670330377718187
2.3671943892852028
2.3672481732804727
2.3674633100492315
2.3681625132505815
2.3677322327823163
2.3681625132505815
2.3684314411030414
2.3685927987596074
2.3683776553749567
2.3682162986634694
2.368054942660933
2.368270084155256
2.3689693027150724
2.3692920234631742
2.368270084155256
2.3684314411030414
2.36880794340442
2.3688617297626138
2.3683238697257707
2.367839802426772
2.368270084155256
2.3683238697257707
2.3672481732804727
2.3667641201579954
2.3683238697257707
2.367839802426772
2.3671943892852028
2.3681625132505815
2.367678448078152
2.3684852269097405
2.3686465848026614
2.3684852269097405
2.3684314411030414
2.369130662734733
2.370798091115489
2.3696685345864807
2.369507172203839
2.3685390127952815
2.3685390127952815
2.3673557415073674
2.369507172203839
2.36972232220495
2.369130662734733
2.370045049569569
2.369076875982728
2.3688617297626138
2.3699374734662797
2.3702602027215107
2.3731648936411602
2.3747249150685548
2.3719814733124736
2.3714973578049694
2.3719814733124736
2.3716049384773896
2.371067038266631
2.3708518803882157
2.3708518803882157
2.3708518803882157
2.3698298976780734
2.369614747046853
2.3702602027215107
2.3698298976780734
2.3704753571338415
2.3712821974056624
2.3714435675869936
2.3708518803882157
2.372411803565342
2.372142846566419
2.3714973578049694
2.3725193869164514
2.3726807625338893
2.3731111009806796
2.372411803565342
2.373433858125054
2.3735414444701632
2.3731648936411602
2.3748325051959682
2.3737028245787997
2.374617325256395
2.372626970582644
2.3738104117118723
2.374671120123139
2.3728421388605625
2.3755318487072827
2.375747034005542
2.374617325256395
2.3751014818934664
2.3761236113114705
2.3747249150685548
2.374671120123139
2.376822979410804
2.3751552774693323
2.3744559411290993
2.3748863003778524
2.3744559411290993
2.373864205396501
2.3736490311304124
2.374671120123139
2.3745635304684356
2.3745635304684356
2.375316664669981
2.3747249150685548
2.375693237562757
2.375693237562757
2.375747034005542
2.375316664669981
2.3754780525796946
2.375800830527055
2.375747034005542
2.375800830527055
2.375962220564645
2.376285002767702
2.3764463949330548
2.3770919706879
2.376876777508585
2.3767153834517103
2.3767153834517103
2.377253366399941
2.3773071651282294
2.377199567750438
2.377199567750438
2.377199567750438
2.3773071651282294
2.378114155510957
2.3783293559415597
2.3782217555686316
2.3800510047897774
2.3792439718416176
2.3848935750027067
2.382848856344026
2.3815037087953783
2.3917280663724227
2.396033911063398
2.3951188768055545
2.3849473849261926
2.381449903918508
2.3788673625356296
2.3855392992896896
2.3785983582533277
2.3827950494958827
2.3834945446716915
2.3783293559415597
2.3924277317680094
2.382256985351489
2.385377867153238
2.3868307819340657
2.38376358482617
2.377791357229796
2.3773609639353595
2.3770381722748652
2.3761236113114705
2.3766077878078704
2.3775761599520706
2.376930575685151
2.3773609639353595
2.3778451567462753
2.3780603556004394
2.3807504476923214
2.3785983582533277
2.3794591788934554
2.3788135615215538
2.3781679555003734
2.3783831562462865
2.376930575685151
2.3769843739406724
2.3774685617860882
2.3774685617860882
2.37752236082963
2.377737557792102
2.3771457691797764
2.377737557792102
2.3782755557156747
2.3783293559415597
2.378705959729757
2.3782755557156747
2.380104807616931
2.377791357229796
2.377253366399941
2.376822979410804
2.37800655576865
2.3780603556004394
2.3767153834517103
2.376930575685151
2.376930575685151
2.37752236082963
2.377737557792102
2.377253366399941
2.376876777508585
2.3764463949330548
2.3780603556004394
2.3778451567462753
2.3764463949330548
2.378652158952093
2.3788673625356296
2.3827950494958827
2.381019467740998
2.384409289240125
2.3832793139674777
2.389629150190956
2.381772734362869
2.3789749648003067
2.3874765402927665
2.3773071651282294
2.3769843739406724
2.377952756015702
2.3776299591532393
2.378114155510957
2.388014680934816
2.3872612862444953
2.381288489760607
2.379136368788579
2.378759760586263
2.379136368788579
2.3782217555686316
2.3774685617860882
2.3765001924791136
2.37752236082963
2.3773609639353595
2.378652158952093
2.377199567750438
2.377253366399941
2.377199567750438
2.3769843739406724
2.3758546271275236
2.376285002767702
2.376822979410804
2.375800830527055
2.3766077878078704
2.3758546271275236
2.376069814317077
2.376392597465781
2.375962220564645
2.3765001924791136
2.376069814317077
2.3760160174014686
2.3764463949330548
2.3761236113114705
2.376876777508585
2.3761236113114705
2.3774147628212177
2.384785955392374
2.384570717117981
2.388068495432833
2.3883375691063975
2.3858621656917762
2.385700732135831
2.3866155316717936
2.3868845946968804
2.3921048076207967
2.3929121233152273
2.3959800848873556
2.3767691813918645
2.383655968527819
2.385001194928634
2.397917876950828
2.3922124486875873
2.398025535065017
2.3869384075384232
2.389898235302951
2.381449903918508
2.3849473849261926
2.382149373468792
2.3845169077464448
2.393557988654152
2.3816113187859287
2.3781679555003734
2.3809118594850247
2.3788135615215538
2.381772734362869
2.3843016710491725
2.380320019714077
2.3798357942692974
2.3856469211082185
2.3882299394003326
2.3761236113114705
2.3773071651282294
2.38048142961469
2.3921586281146574
2.3925353737816977
2.4477434962964253
2.398025535065017
2.384785955392374
2.388875722369562
2.3903825934748966
2.38892953812973
2.3866155316717936
2.4201021195769385
2.4007170905510975
2.401739933390161
2.3872612862444953
2.3840864356136535
2.383171699088507
2.3833331215251974
2.382526016438078
2.3832793139674777
2.3834407368773896
2.3816651238993813
2.382149373468792
2.3816651238993813
2.3843016710491725
2.384785955392374
2.38909098588357
2.390167322387242
2.4063161582993757
2.411377589229744
2.390005869900051
2.3886604601176487
2.3993712881364786
2.448444230773532
2.4295290982979054
2.405562387884686
2.3875303540019672
2.401847602715634
2.4212870923556125
2.4194557869199684
2.4688252923332925
2.4685016948910743
2.4722771761836384
2.5702520617728055
2.6096996806948596
2.4898652581405827
2.550625280991312
2.4924016597625496
2.4475278883824103
2.572902213851819
2.465373733576257
2.4879226011987043
2.601254633689848
2.472438991217075
2.4504926083438363
2.5383030980189005
2.565763466793669
2.52144788415427
2.57539028652252
2.4641873353206734
2.449252787196315
2.508055684042688
2.4644030412380857
2.575444376939174
2.561978332940953
2.6023913532667393
2.522744163539926
2.6310917059723806
2.5903763917650053
2.525606943141497
2.4100852426248025
2.4814478219446983
2.5112952832881774
2.4391740579403063
2.6264873007679057
2.46354022518517
2.5935150546243904
2.510755330176039
2.5486793972405053
2.5521388176890127
2.5475443461788814
2.467369126343044
2.575282105929432
2.582855520543262
2.5793390972352768
2.502387074909109
2.4683938297118857
2.477563503551437
2.5634923394745215
2.4490910744852386
2.416439718394713
2.5299825672257725
2.499094285832655
2.46354022518517
2.466236592792768
2.4092775491085376
2.422687564077364
2.4994721318374786
2.393773279625691
2.4058315898269598
2.4336238551347265
2.440467429750811
2.433031164666147
2.4336777365613216
2.4306604985617923
2.4342165551811377
2.4299601038072183
2.443269891839577
2.4640255567157396
2.439066279015094
2.493535002362705
2.490404903352271
2.4977448676352196
2.4452101833732627
2.462246039186823
2.464079482838031
2.461598963322956
2.4329772841894055
2.5303607321359323
2.5063280149632874
2.4495762147581104
2.4597656437385353
2.4481208131969083
2.556950118091663
2.5180993748437572
2.568737775381919
2.610890805914323
2.5193415280466525
2.5347369246103995
2.5149671756352063
2.4129392354391825
2.552409098688713
2.4969352405801146
2.443862747804417
2.433246687364772
2.4657512319839725
2.4874369530593867
2.4061546347643343
2.4210716399126113
2.4522715553993635
2.445371878968899
2.442245890475931
