8.854115723884775
8.857168610598137
8.856341758445069
8.856596172223817
8.854370120022224
8.855196921392064
8.860349009690253
8.861557643971537
8.865820033354169
8.868174132801414
8.880965636765382
8.895799983071072
8.879247078571893
8.882811598086562
8.88701314733305
8.883129878012824
8.876510305509328
8.889559808592765
8.884594006336101
8.883448161095998
8.890896886672465
8.903633756835859
8.909175874061987
8.902869402009856
8.908602507185094
8.905799527751071
8.907838033958058
8.903888545825055
8.902805706596382
8.908347680751717
8.908029150556729
8.912234003842855
8.91013150829906
8.926891589697846
8.925234309335451
8.942193608023501
8.94353288213847
8.948061318518455
8.932820255254853
8.92676410355233
8.941428333646172
8.93498799803183
8.93556183682739
8.947040769981413
8.932182711738278
8.920262982043994
8.930397657322601
8.941555878107238
8.928485209280439
8.944999770362585
8.933202787449375
8.958077174912432
8.9587152335734
8.96196953032478
8.959289497227758
8.965032699709923
8.9677132130887
8.96458596927448
8.967904686908696
8.97767136893151
8.965862358466893
8.95667349056339
8.946466725705534
8.93938769126811
8.920326712133146
8.93766600027783
8.938813783999308
8.931290172109414
8.931672686051172
8.92223867369546
8.923003490236965
8.925170569493332
8.924596916615542
8.928740195762998
8.921728806133672
8.917841332491832
8.919625688118174
8.915929633046346
8.915228705131142
8.92242987612093
8.921792539135595
8.914718948995528
8.888286452697344
8.898729463163761
8.90235984224347
8.919816874966273
8.921537607887785
8.910004088755727
8.89051485867833
8.890896886672465
8.909494415644247
8.933840351247966
8.951633494261898
8.958460008584893
8.971670571192476
8.979714450096651
8.978948279394842
8.97518153986357
8.927847751944057
8.926955332960631
8.941874741479808
8.947933748174648
8.908984750630907
8.882747942480137
8.881793123536397
8.884148394991769
8.869573949466087
8.87733767740275
8.900894902998346
8.903633756835859
8.938750017159066
8.95667349056339
8.958779040138097
8.952207631062947
8.951888664904061
8.941810968551522
8.908666214109758
8.890960558447091
8.886758492323395
8.89560893931258
8.892870770441732
8.87657394874384
8.862575476560153
8.844005109740749
8.829385324505722
8.797943560113652
8.803086470631229
8.775476791502513
8.755434968535894
8.750236283606796
8.757337136497199
8.754040116891758
8.766595961043379
8.739207711291726
8.661986959928925
8.65705619200179
8.661354767988655
8.668056634333709
8.692916304898972
8.679630122530568
8.667866939683961
8.653200604784729
8.69373896318507
8.707600753966915
8.719378474124198
8.728119570227136
8.744658142063372
8.74884165748955
8.73261772657031
8.730273538423774
8.738067040366559
8.739271083085157
8.73122386437501
8.721405183408478
8.707537444543277
8.703739107100319
8.707030973639519
8.688929874186442
8.700574168419848
8.705321693202734
8.72039181280337
8.721911880684104
8.729386592871492
8.728246270245393
8.724825544936891
8.722798620124195
8.716908594830613
8.721531856979084
8.721278510336845
8.712475953769967
8.705954749442412
8.689372786545107
8.680642210074893
8.682666480652074
8.664262953716843
8.660216853780867
8.668372794567574
8.684058240536672
8.713679038806333
8.71412229200439
8.697093095423327
8.681085008384002
8.692283505144417
8.695194487062906
8.707600753966915
8.716845267086
8.71190608708855
8.683172568191594
8.64523806646622
8.690701560199898
8.685007202241195
8.715452088246934
8.713299112354889
8.698295605333044
8.702726292848126
8.695004632388361
8.688993147007295
8.707917302953774
8.691144496945071
8.703169395160273
8.694435075085948
8.686335795640787
8.68412150377975
8.684627614201418
8.667677246152039
8.673495023046257
8.664768751967983
8.651430981644353
8.63639311037474
8.630834666851797
8.643405697477135
8.611513906473135
8.612460732513853
8.606590859577636
8.60116375659652
8.61523824944669
8.597693414107653
8.62704536894313
8.701903404744598
8.728056220405279
8.741489174539538
8.746939992088073
8.7520113498
8.756132417053436
8.764059031538409
8.76202963208533
8.763741929428193
8.764693245143746
8.750299677140447
8.706587818139269
8.687411363807144
8.670333057331845
8.59081693038712
8.712222678443027
8.734328458202356
8.72951329788134
8.71760520824995
8.698928523337713
8.616311445128872
8.620352031929428
8.641573432751898
8.603877193818334
8.609935924907347
8.672736122945764
8.716971922699827
8.716781939466046
8.714058969744997
8.712855870499425
8.712729231091032
8.713742360317838
8.71583204012802
8.713995647610318
8.717225235423712
8.724952231979103
8.738067040366559
8.784042774174793
8.760888151193626
8.812676070307418
8.780806467919149
8.761712549993888
8.782837053358776
8.797816585082899
8.81019901206605
8.823094508895565
8.73071702037305
8.731160508437995
8.770655464778827
8.788231419088902
8.78251976592594
8.735659090170373
8.757337136497199
8.798451465255027
8.800356181049779
8.797626123477642
8.765517741538531
8.786708212310714
8.799975228856908
8.799149847934984
8.805308970671831
8.799657772146759
8.779600868518742
8.77985467516038
8.789056519575922
8.800610151687863
8.79223018045667
8.794705853571543
8.787723675473444
8.789183459992898
8.791658898364005
8.788421825013131
8.817630759925464
8.810707111004888
8.78321780241339
8.78112373843652
8.782837053358776
8.783344719767456
8.781377557105657
8.801562559462184
8.793372775114563
8.807277599120027
8.791849324599639
8.78150446719195
8.792611040828092
8.80549947782987
8.790643310833559
8.80441995220474
8.809690921163849
8.801689549298715
8.799467299626315
8.801943530477729
8.801689549298715
8.798260999886054
8.818837787269558
8.808674763468446
8.804800957106693
8.817757813299352
8.81369235459016
8.827224703444358
8.832944311410813
8.836185874849775
8.833452770311908
8.834469712267435
8.834978195322492
8.840127039798745
8.841207766310902
8.84114419315614
8.83720290336629
8.833198539855005
8.828622735767624
8.811151704169163
8.831482536914166
8.83421547375923
8.837139338140332
8.814391068686973
8.818075448932802
8.81871072962349
8.82474652297708
8.812231456044515
8.803403961223637
8.805245468536839
8.796419892863128
8.796356408295765
8.800292688703905
8.810834136995311
8.79775309775573
8.779029810903978
8.805816992270593
8.846039694416561
8.845594618001485
8.830275034254953
8.821823786654193
8.813628835880479
8.855324123492892
8.851889843670676
8.883066221774982
8.87205559269978
8.890896886672465
8.861239577906304
8.833198539855005
8.826652798671034
8.862575476560153
8.807912666290747
8.81229497199098
8.823602811869932
8.827161157966543
8.826779887740486
8.80219751366451
8.74205956564515
8.764376136776946
8.777507040204682
8.792103228002759
8.82836854354565
8.840508468531766
8.845276710053895
8.826398622040756
8.81210442452823
8.835550248384152
8.816296729842065
8.831863862976547
8.840063468783796
8.84788364815364
8.84591252909695
8.849155402094254
8.842479255839294
8.831291875580916
8.829512424389293
8.830910556310528
8.827478886612766
8.822586213965792
8.81871072962349
8.818075448932802
8.831418983010622
8.836630820862183
8.834914634500308
8.840826329270612
8.84387795247926
8.848455931192689
8.850490797952943
8.853161756323573
8.842669983611358
8.83631300165274
8.83396123726402
8.829703075157965
8.827796618402374
8.825191310518449
8.83078345089325
8.808674763468446
8.828813381254406
8.806579039732583
8.804610454090891
8.797562636526777
8.74700337912276
8.73749672007716
8.732681085378317
8.732110860600187
8.732300934402815
8.727992870708135
8.726852597496759
8.71412229200439
8.704941865438286
8.713045830546776
8.708930280643585
8.700384281999163
8.70563821976549
8.70798061312496
8.721468520131452
8.72843632120862
8.730336892613536
8.756512849895273
8.764122452335812
8.764693245143746
8.744341231256158
8.73889085419819
8.73325132026747
8.709436781450052
8.682603220269186
8.686905209603765
8.68329909132001
8.67526585953641
8.671787522981731
8.672672882078416
8.675455597796315
8.703675805275395
8.772558533666654
8.757844400296051
8.779410514852998
8.719505139713249
8.67317881249653
8.64947186947012
8.647765643082607
8.651178186278287
8.649155894799037
8.657372244216504
8.662176619931927
8.66394683384567
8.653516619152299
8.680325929298249
8.693549117098428
8.672989087657811
8.667993402659533
8.658067570010644
8.655918429718099
8.647828835040173
8.656929771984608
8.665717145109966
8.691081219893874
8.70278959280489
8.69316942828533
8.678112050887535
8.664579076692462
8.662619164284536
8.662429501674183
8.691017942967164
8.72412877512454
8.765834861167832
8.773827308863076
8.771606985137566
8.76767421671758
8.761712549993888
8.76742050624597
8.768498789581258
8.76279064186599
8.740982168717437
8.712285997087804
8.698738646629067
8.690321904985296
8.68374192618677
8.676088066740817
8.674443673335247
8.677669293479312
8.7086770332308
8.723685384012072
8.725585674675415
8.737369983608687
8.73008347660334
8.724572172349554
8.721405183408478
8.712729231091032
8.710576437422844
8.685386794758358
8.675012876929884
8.656487305833878
8.657372244216504
8.69696651804719
8.712096041527332
8.726662555891949
8.722291908879242
8.729386592871492
8.724572172349554
8.721025165690094
8.709563407897747
8.69367568103172
8.68355213906915
8.689182966216322
8.695637485659915
8.710576437422844
8.70804392342069
8.707220899294043
8.70329599694179
8.708297165849615
8.70462534572664
8.696396926016405
8.699055108432674
8.691587439787327
8.690448456225795
8.699118401166913
8.698738646629067
8.687095016497096
8.696650076785204
8.733504761241704
8.731730716365178
8.747447091864217
8.749285395601305
8.762980897126226
8.771797292589724
8.777316698940467
8.787025541101912
8.788548762922744
8.791468473256941
8.791976276050434
8.792039751963898
8.804229451448236
8.819218963223307
8.82125197804777
8.821569648238949
8.815725019624097
8.807658637915893
8.796800802901657
8.797943560113652
8.797816585082899
8.807912666290747
8.816233205981973
8.821188444386564
8.822713286944065
8.825890274815322
8.832308749105778
8.843369328469294
8.830592793710593
8.822903897354195
8.832245193567132
8.844895224671916
8.845403872855229
8.845594618001485
8.84788364815364
8.84368721753134
8.842733559787234
8.842097803693775
8.841207766310902
8.84108062012723
8.844450164121668
8.840699184597497
8.845276710053895
8.915865911693743
8.903761151077504
8.894908455264215
8.855260522379467
8.873137394677144
8.896500486584898
8.910641191533614
8.942640026512493
8.963437262459195
8.9803529396753
8.951888664904061
8.949592202240808
8.92434196307471
8.91484638726996
8.921091483080147
8.915419865770787
8.909876669718699
8.886312850919694
8.902678316148922
8.89414430828981
8.900767520138402
8.90235984224347
8.894781096171243
8.921983738901304
8.90681876466158
8.897965225176563
8.90516252112684
8.935179276489293
8.968032336757517
8.973011077472904
8.996830370939904
8.99178405576788
8.987377164849477
8.983801003257156
8.977096775822474
8.97639450934696
8.973202582947408
8.984056430134956
8.977352149265755
8.976969089864099
8.983226300226704
8.967521740412508
8.976458351117913
8.977607524743973
8.976458351117913
8.975053861536026
8.971670571192476
8.971479074872434
8.957247717640485
8.945382447894076
8.944234429002677
8.890705872106878
8.908921043073633
8.946849420747355
8.948444032595603
8.95201625098673
8.954121494667277
8.940663077534282
8.898347341894521
8.89484477565452
8.880138171331737
8.852525793698078
8.82017192289942
8.839046349660634
8.850363615001811
8.854560918448271
8.854242921701541
8.846484777001535
8.825318393804594
8.781758288868275
8.851889843670676
8.901404439496162
8.903633756835859
8.901022286364082
8.901085978236608
8.90121336236109
8.897774168524279
8.880838333002146
8.879247078571893
8.890005495095124
8.888732121512646
8.919370774093522
8.918860952122486
8.911150882867105
8.914718948995528
8.917713882317116
8.91484638726996
8.914336637210397
8.90382484838807
8.899875854280651
8.900449065201258
8.91083232483453
8.927911497107516
8.966692038700614
8.923322169179187
8.93785729471142
8.912743720487242
8.906627655274065
8.911724295298313
8.917140362798136
8.91484638726996
8.942193608023501
8.940407996222405
8.937092123824357
8.917713882317116
8.847565717539737
8.795785052834105
8.764693245143746
8.761014980402138
8.748588095603964
8.757654175433458
8.786581281671715
8.808357220780522
8.790706784113809
8.814962755162298
8.804546953336626
8.791024152395835
8.799721263237814
8.807722144821298
8.830529241567945
8.828749832633093
8.840063468783796
8.847502131794727
8.852843773436064
8.857041401188326
8.854688118029003
8.8679196272397
8.878801541470693
8.872182861628062
8.857995484049582
8.856914192282602
8.860221787676267
8.846103277265172
8.847311375315428
8.836376565242972
8.833834119771154
8.819473083039043
8.820807245058631
8.82125197804777
8.822141462501122
8.846357609919096
8.852335007367117
8.850109250610956
8.891915650228555
8.913317161394332
8.942767575793937
8.943660434972003
8.926955332960631
8.900321684111589
8.89484477565452
8.897328374093718
8.907009875187725
8.935370556087776
8.942576252062054
8.948061318518455
8.952080044218576
8.96139521865382
8.9653517966903
8.964458333150844
8.96739409259726
8.979650601838443
8.977032932779707
8.960820917272997
8.92242987612093
8.90153182488524
8.891597283142403
8.907519508823782
8.901340746991366
8.927210307278926
8.913572027310579
8.894653737583894
8.867792375215572
8.857168610598137
8.840889901796004
8.822141462501122
8.832308749105778
8.844577323649332
8.872564671440955
8.871482888768014
8.860667066931
8.83720290336629
8.799784754454379
8.793880608005054
8.788231419088902
8.784042774174793
8.716465303236589
8.700764055961145
8.70608136218516
8.629003117197101
8.61839480940597
8.610251515037362
8.605517987656356
8.59510667466094
8.60495001110246
8.598955313585975
8.544612220252759
8.550533817145492
8.580284245660323
8.553621038248878
8.540770063543846
8.537998955964724
8.505015870700959
8.556897596216004
8.59952318447472
8.592709394232713
8.55223490241417
8.533590866383236
8.496523780023722
8.490109015512132
8.491681143760786
8.48910289362209
8.483695525759174
8.473574864858051
8.47847764592376
8.473889123359982
8.467478855196646
8.471060906969456
8.472129315151108
8.472380710450409
8.489731716127721
8.572907109303799
8.668056634333709
8.761775966161963
8.7846773822493
8.87491926566463
8.884721324999703
8.885039623868693
8.884339370524458
8.919689416940912
8.924214487064262
8.955014670120875
8.97499002256302
8.987121711498673
8.9924227859035
8.98686626018457
8.990889854970192
8.987057848479196
8.985525174197164
8.985078158007752
8.985333595066606
8.99229503885772
8.99350865635904
8.989037661274892
8.98386485978574
8.988526730132207
8.981182995147492
8.97850135494491
8.974351639827034
8.974479315356916
8.9757560986327
8.974798506406955
8.970840762069315
8.975500737908021
8.973904779478232
8.971159916881675
8.963054369335794
8.965287977040077
8.968734420014243
8.987377164849477
8.98437571659548
8.991145338365754
8.997596969370818
8.984758864547757
8.969245035679364
8.958460008584893
8.954185292088596
8.957183914123846
8.959289497227758
8.959353304935576
8.95539746721937
8.954312887312312
8.96854294123716
8.96496888069504
8.973138747662063
8.978437509103685
8.9663729283767
8.96394779373901
8.949719779184193
8.945446227926652
8.907009875187725
8.877783194180779
8.883193534376858
8.900767520138402
8.945637568785912
8.940599307016043
8.888923124328414
8.853225353279072
8.82989372705839
8.811342245980427
8.792928427919492
8.785883172119043
8.793753649029952
8.774334832966304
8.769767404524828
8.750933619351883
8.751757762914849
8.765644589014812
8.778966360684251
8.78061610711228
8.79788007253552
8.83180030831835
8.836885078494618
8.836885078494618
8.866010899850323
8.907965444897343
8.90828397445972
8.881602163156856
8.878037777973702
8.834088355260008
8.831291875580916
8.831355429232872
8.834596832276361
8.840127039798745
8.870782931173949
8.923895799255206
8.9331390317667
8.936071924378268
8.934031622859493
8.927210307278926
8.917140362798136
8.902105065395347
8.92051790316026
8.922047472409872
8.923704588089777
8.922939754828576
8.92230240771056
8.923322169179187
8.919816874966273
8.9201355222458
8.92141014302382
8.91815996014435
8.913635744106045
8.905926930593864
8.909048458314714
8.903378969870232
8.90235984224347
8.89923896526949
8.838919212035648
8.845594618001485
8.844259425774453
8.871482888768014
8.894462700650706
8.911278306965926
8.915483586237144
8.907200986852388
8.892042997947556
8.900703828898031
8.918478590962309
8.912807435637319
8.908411387170304
8.91338087768355
8.919179589904672
8.894653737583894
8.887140475595743
8.874664706609224
8.800419673521048
8.771289808554684
8.803721454953632
8.817059025962351
8.824301741595605
8.76665938684647
8.814073469486061
8.801054605135676
8.803340462854123
8.773636989390582
8.768181643668868
8.70620797542631
8.690068803997349
8.661228331090399
8.658193994495718
8.665274558166516
8.6719140013617
8.715768714502872
8.780298841606452
8.799276828235065
8.857995484049582
8.853288950360536
8.847947234654214
8.856278155315465
8.840444896761596
8.817567233426985
8.801118098987331
8.76843536014843
8.752962318433788
8.7328078033687
8.703549201999351
8.671028663138486
8.660532937026176
8.643152965109664
8.631592579935443
8.628497880448776
8.62338280467975
8.63007677160357
8.642331598614192
8.636203602185788
8.619594383296942
8.598450547864331
8.585140205559696
8.58482486127508
8.591258495343993
8.58980766177649
8.593718753728695
8.570133238419203
8.559418252023477
8.547887862866446
8.53736919199332
8.55273894491404
8.592078560602147
8.592267809394684
8.588861501160352
8.577572794176263
8.496649572466993
8.490737857621639
8.487845285365097
8.49155537068259
8.49350490847911
8.491052283271358
8.49193269138766
8.505393348830296
8.571646229311114
8.592961731142793
8.598071978762164
8.612397609912023
8.612713224157858
8.606275305303882
8.603435455907459
8.615932666099695
8.62142539799845
