2946.8966034764417
2946.864059359884
2946.8328128981516
2946.801826042278
2946.7800435088584
2946.749056545395
2946.7175505777104
2946.6860446021064
2946.654798184332
2946.633275106338
2946.592045803598
2946.5707821880696
2946.548740203908
2946.496230172553
2946.4859875867833
2946.4552601012583
2946.423494497432
2946.3917289333435
2946.359963408996
2946.328976325118
2946.296951272586
2946.2767257576693
2946.234717639868
2946.2242156082175
2946.181688404542
2946.1606843323043
2946.1407185763214
2946.108433645875
2946.065387716482
2946.0451618720763
2946.024157776959
2945.9831878848254
2945.9713880631575
2945.93988190124
2945.929639305376
2945.8884097295745
2945.877129012588
2945.846401480802
2945.825137753477
2945.8148952849824
2945.7823509728573
2945.773146654854
2945.741121201096
2945.719598002233
2945.6880917764033
2945.689130064312
2945.667347123236
2945.6463429643936
2945.625598349621
2945.6250793009863
2945.5946113326377
2945.573607160365
2945.562585840304
2945.551824206044
2945.541322117383
2945.5213563996663
2945.5203179374225
2945.499832891225
2945.4785691119373
2945.4788287034826
2945.4678074721196
2945.4575649210456
2945.4567864268083
2945.4468032798395
2945.4263182187296
2945.4155565287056
2945.4150374874803
2945.4045353875667
2945.404794884719
2945.414778036691
2945.394811917318
2945.4045353875667
2945.39429278374
2945.4045353875667
2945.394033286772
2945.39429278374
2945.3945523272546
2945.394033286772
2945.394033286772
2945.404794884719
2945.404794884719
2945.39429278374
2945.414778036691
2945.415296984819
2945.4158161191394
2945.4363011823793
2945.4363011823793
2945.456267663387
2945.4460249258
2945.468067016931
2945.4575649210456
2945.4780500684897
2945.4877739456247
2945.4985353971224
2945.510854307624
2945.531079573766
2945.55234334518
2945.551045846446
2945.572568880608
2945.5841092469414
2945.5943516925063
2945.6140583565966
2945.6353219277416
2945.6460834629784
2945.6668281662132
2945.688870422512
2945.7077991134156
2945.719079136453
2945.7406021483857
2945.761346834114
2945.782610430133
2945.802577014427
2945.825137753477
2945.844844590837
2945.86662695139
2945.887890578581
2945.908375731402
2945.92886106541
2945.9601079080726
2945.9711286490947
2945.9923921667028
2946.0026348025376
2946.034400363236
2946.0756304375823
2946.108433645875
2946.11893568702
2946.1389020054626
2946.1601654509604
2946.19141218548
2946.2242156082175
2946.2341985697412
2946.2654451925027
2946.285671127547
2946.3171772006845
2946.3389593670463
2946.3699466329913
2946.4017120606786
2946.4326994010994
2946.463686917562
2946.4857281636423
2946.5169748105836
2946.5382381993973
2946.5702631060853
2946.611233501406
2946.642739492709
2946.6540196267283
2946.673726948965
2946.7065295930156
2946.7272741459665
2946.7692820953766
2946.7797840805288
2946.811290030707
2946.831515984604
2946.863021919916
2946.8848038836577
2946.916309807438
2946.936795029647
2946.979062245936
2946.9998068406667
2947.0105681454015
2947.0425928563254
2947.072802038941
2947.0938059558484
2947.114809869235
2947.1365916640716
2947.15655848318
2947.177303229543
2947.19908473714
2947.2308498767156
2947.2416111661696
2947.272857655696
2947.304104182737
2947.2941208842212
2947.326405018387
2947.3571325168464
2947.367634452537
2947.3776177422988
2947.3991402543306
2947.42066295051
2947.43038670148
2947.4521687402153
2947.472394413585
2947.493917006576
2947.4936576121927
2947.5149208545704
2947.5356653039207
2947.555891237301
2947.57767298157
2947.588174898782
2947.588174898782
2947.6081416103457
2947.6194212950804
2947.6299232085876
2947.650927032963
2947.6616882946305
2947.6719308538172
2947.6821734582995
2947.6821734582995
2947.6926753663424
2947.7034365785
2947.7131607090632
2947.7134199211528
2947.7236626140943
2947.7457035513744
2947.7446664215186
2947.765670225423
2947.765670225423
2947.7651519390274
2947.7651519390274
2947.7659294384403
2947.7554275367415
2947.775912959399
2947.7648928656454
2947.776172126055
2947.7659294384403
2947.776172126055
2947.7756538392896
2947.775394765722
2947.7766905990034
2947.776172126055
2947.776172126055
2947.765670225423
2947.776431339257
2947.755686796118
2947.7559461020405
2947.7551683239108
2947.7667073567613
2947.7444072554185
2947.7236626140943
2947.7554275367415
2947.7341645182464
2947.733905352332
2947.7131607090632
2947.713938484968
2947.713679179787
2947.6916386125567
2947.6816549886867
2947.670634797074
2947.671412291484
2947.670634797074
2947.6501492603916
2947.638869996093
2947.6501492603916
2947.6296639048883
2947.6076233295094
2947.5966033208806
2947.6078824466545
2947.586878616723
2947.586619499948
2947.5553728652253
2947.565615666867
2947.5451301088797
2947.5236079901456
2947.524385476772
2947.5023450777558
2947.491066228379
2947.481341230967
2947.4818594142666
2947.4511312587433
2947.450353636372
2947.4393335268287
2947.41832966948
2947.398103148932
2947.3665973493626
2947.3773584895935
2947.3458526841887
2947.3248488095182
2947.3043634806927
2947.325108061297
2947.28232268718
2947.272339107445
2947.262096415057
2947.241092525938
2947.2311092199197
2947.22060727279
2947.2101053247798
2947.1785994754705
2947.1788588642935
2947.168875829496
2947.1470936182413
2947.146574981344
2947.125571072867
2947.125830367671
2947.1053451838093
2947.083563245352
2947.0830447968624
2947.052316658984
2947.0528353856384
2947.0423334233633
2947.031312734296
2947.0000661797935
2946.999547548084
2946.989045581967
2946.9793216312396
2946.9683009391165
2946.9583176934925
2946.9478157232984
2946.94755633855
2946.9273306886657
2946.9157910856015
2946.9060672642777
2946.8953058591305
2946.8850633138395
2946.8748208138463
2946.8740425238543
2946.874561337302
2946.874561337302
2946.8632812100873
2946.8430554024067
2946.8527792323453
2946.8425365900707
2946.832293993093
2946.8120684570054
2946.8118089350246
2946.8220514414097
2946.8110306483677
2946.811290030707
2946.8118089350246
2946.8010474768944
2946.790286064802
2946.7908049683783
2946.8010474768944
2946.8118089350246
2946.8118089350246
2946.7900266828324
2946.8007880481937
2946.7897673474113
2946.8115494595922
2946.8010474768944
2946.8110306483677
2946.8115494595922
2946.811290030707
2946.8220514414097
2946.8220514414097
2946.8212732938377
2946.8317752742205
2946.842795972966
2946.8425365900707
2946.8643188362425
2946.8635405468062
2946.874561337302
2946.8853227905697
2946.8858418836703
2946.9055484497185
2946.905029821344
2946.9262930580644
2946.9273306886657
2946.9265523958948
2946.94729700035
2946.9370543676623
2946.9683009391165
2946.9793216312396
2947.000844476455
2947.0110869636665
2947.0105681454015
2947.03157207398
2947.042074036948
2947.063856260244
2947.083303997834
2947.0938059558484
2947.1048264553033
2947.125830367671
2947.137110486784
2947.1573362296244
2947.167319637303
2947.1885827877413
2947.2106241500856
2947.220347929772
2947.230590580059
2947.2521131115404
2947.2623557122715
2947.284656784359
2947.3043634806927
2947.3048822162395
2947.3258860959118
2947.346111936337
2947.3681532834016
2947.378136387348
2947.3991402543306
2947.420144117793
2947.430646048205
2947.4521687402153
2947.462411227985
2947.4721351126645
2947.504678372127
2947.5141428099505
2947.5356653039207
2947.5461672246533
2947.566652411758
2947.5879155492785
2947.59893621135
2947.6096975699543
2947.64172233883
2947.640425121215
2947.6517052244462
2947.6616882946305
2947.693712864861
2947.7141978366953
2947.7244403905565
2947.734682989712
2947.7457035513744
2947.7664480041076
2947.777728103451
2947.777728103451
2947.798472457997
2947.8197357016284
2947.8409989890265
2947.8402206478972
2947.8617432857263
2947.882747072495
2947.8819688687827
2947.903750855745
2947.91399329771
2947.9137338959167
2947.924754635475
2947.9457584116844
2947.9675408114554
2947.9670216801883
2947.977004619949
2947.977783107945
2947.9977489837133
2948.009548348499
2948.0190121505098
2948.0190121505098
2948.02951403095
2948.040275361074
2948.0510367372353
2948.0620577500063
2948.0607602626037
2948.0610196669923
2948.07230003691
2948.082023419953
2948.0815046569837
2948.082023419953
2948.081764015195
2948.0925252951133
2948.0930442446397
2948.0927847466032
2948.1130102787142
2948.1027677642655
2948.1143075380155
2948.1137884946556
2948.1130102787142
2948.0927847466032
2948.1137884946556
2948.0815046569837
2948.093303789223
2948.1030271693944
2948.0925252951133
2948.082023419953
2948.0712621393395
2948.07230003691
2948.0822828712576
2948.072040492697
2948.049999027333
2948.0507772399396
2948.0410539920445
2948.0292546271185
2948.019531097442
2948.0192716007027
2948.009548348499
2947.9987868760963
2947.9775235653988
2947.966762184375
2947.9567793362726
2947.9457584116844
2947.924754635475
2947.9142527460494
2947.9029726509198
2947.8937680001386
2947.883266107704
2947.873023801628
2947.840480048394
2947.8302375989724
2947.808455603582
2947.7995105224863
2947.7774686575194
2947.767226201707
2947.746222395579
2947.735201647361
2947.7149761711544
2947.6839895681496
2947.6619476919777
2947.6517052244462
2947.619680645139
2947.599195654131
2947.567949390155
2947.5569285399997
2947.5354059553442
2947.504678372127
2947.483415081259
2947.4629301552773
2947.4204035108783
2947.4104205048416
2947.389416638508
2947.358429942182
2947.347149410398
2947.3156435942947
2947.294380275084
2947.2526319383287
2947.221904686083
2947.1893608151286
2947.189620250685
2947.168875829496
2947.1266085313637
2947.095362140259
2947.0735799205754
2947.052575999038
2947.0210701101305
2946.9903425094108
2946.968560277687
2946.9380921851935
2946.9165692381757
2946.8743019073045
2946.853557381585
2946.822310917028
2946.790545493316
2946.7585207279308
2946.747759406523
2946.717031583632
2946.696806161343
2946.6537602006224
2946.621994831844
2946.6117522124964
2946.5707821880696
2946.539016611244
2946.527995617889
2946.4967490657536
2946.4652430352708
2946.433736996867
2946.412732966866
2946.4017120606786
2946.349461388462
2946.3379219641347
2946.3082318367815
2946.2869682256564
2946.26466707439
2946.243922343499
2946.213454017721
2946.1711863688633
2946.161463003425
2946.140199323338
2946.0976720944695
2946.0769275171633
2946.0661659636726
2946.034659824957
2946.002894217156
2945.98189011537
2945.9501245424
2945.9406604210453
2945.919137248578
2945.908375731402
2945.8773885180785
2945.8556060187166
2945.8353802672677
2945.8248782023647
2945.7931124983693
2945.793372002378
2945.7718489039257
2945.7513637234097
2945.741380797274
2945.7093554303624
2945.697815624822
2945.6883512785594
2945.6778492013377
2945.657104592402
2945.6560666790983
2945.6463429643936
2945.6258579437613
2945.6143177643603
2945.6143177643603
2945.5927948292206
2945.583849606994
2945.573347520603
2945.573347520603
2945.562585840304
2945.5612885733817
2945.5415816634923
2945.551045846446
2945.5415816634923
2945.5305605284657
2945.5405437583413
2945.540803164807
2945.5200584382305
2945.5203179374225
2945.5100753916745
2945.5098158461215
2945.5203179374225
2945.5297823096225
2945.52057748316
2945.52057748316
2945.5100753916745
2945.5200584382305
2945.5305605284657
2945.5315988052585
2945.541841256149
2945.541322117383
2945.541062617821
2945.5618073405076
2945.5620667938915
2945.5623262938243
2945.551824206044
2945.5723094270384
2945.593573051399
2945.6043346361485
2945.624560438542
2945.62481984649
2945.635581382422
2945.657104592402
2945.656585542655
2945.6668281662132
2945.6983343967663
2945.6983343967663
2945.719857504944
2945.7308787240813
2945.7400832818644
2945.761346834114
2945.793372002378
2945.7928530409094
2945.813597763089
2945.8348613043167
2945.845622826356
2945.866367492633
2945.887890578581
2945.8978736730287
2945.918359009168
2945.9401413612936
2945.9598486338355
2945.98189011537
2945.992651627684
2946.023638900433
2946.055663918314
2946.054885671678
2946.087170051751
2946.1191952433182
2946.1289187539564
2946.17066748715
2946.180910151236
2946.202692473262
2946.223437073404
2946.244441134713
2946.2654451925027
2946.28670871294
2946.329495491675
2946.3397379079743
2946.3497208557415
2946.3704654286516
2946.4019714823376
2946.412473498474
2946.4450176966766
2946.4859875867833
2946.5067321805836
2946.526698963941
2946.5495186163103
2946.5600206204977
2946.5915266277793
2946.6227731084955
2946.644296187878
2946.6755426084783
2946.7067890665944
2946.7167721564147
2946.7487970245256
2946.769800998212
2946.791583672848
2946.822570439194
2946.842795972966
2946.864059359884
2946.8953058591305
2946.9165692381757
2946.927590212684
2946.9688196628053
2947.0003255654674
2947.0218484079046
2947.0428523358337
2947.0735799205754
2947.0943244977993
2947.0956216672416
2947.1368510521543
2947.157595571531
2947.1686163477643
2947.199344033242
2947.219570179992
2947.2408332756427
2947.272857655696
2947.2836189423715
2947.303844931329
2947.304104182737
2947.3253673596223
2947.357651347341
2947.3776177422988
2947.398362355464
2947.4093828401483
2947.4091235403407
2947.440888630826
2947.4621518341596
2947.4616331861444
2947.482896339411
2947.504937859788
2947.515180295869
2947.535146653313
2947.534628188888
2947.566652411758
2947.567171063477
2947.567689901383
2947.57767298157
2947.5981581622827
2947.6199400417454
2947.6199400417454
2947.620978093634
2947.640165817331
2947.640943868621
2947.65040847137
2947.6624666263097
2947.6837299842455
2947.6824327629256
2947.6829515118134
2947.683210956077
2947.7141978366953
2947.7147166797877
2947.7141978366953
2947.72418108519
2947.713679179787
2947.7252185859315
2947.724959140927
2947.745962950204
2947.724959140927
2947.7349422952643
2947.7464818875005
2947.735979982932
2947.745962950204
2947.746222395579
2947.745184893355
2947.7457035513744
2947.7454441990926
2947.7457035513744
2947.745184893355
2947.744925634165
2947.7454441990926
2947.7457035513744
2947.734682989712
2947.734682989712
2947.724959140927
2947.7141978366953
2947.7252185859315
2947.703177273505
2947.713679179787
2947.703695930042
2947.692934671153
2947.682692114096
2947.681395823699
2947.6716715493776
2947.6616882946305
2947.6609103818673
2947.640684471645
2947.6396473492005
2947.6296639048883
2947.6299232085876
2947.6194212950804
2947.5986768151142
2947.5873969899108
2947.5884342948325
2947.5658747832713
2947.5569285399997
2947.5561504931557
2947.5343690264945
2947.524644732071
2947.5033816320197
2947.504159536445
2947.5036408869487
2947.482637038306
2947.461114724314
2947.462411227985
2947.4401108693733
2947.4301274013014
2947.4091235403407
2947.387860422969
2947.3776177422988
2947.368412768654
2947.3571325168464
2947.3358692977677
2947.325108061297
2947.3258860959118
2947.2843972540413
2947.284137770271
2947.272857655696
2947.262874446337
2947.2528914215422
2947.2421299925873
2947.2213855811256
2947.19960337589
2947.2003816831134
2947.1791182996644
2947.169394932602
2947.1583738765303
2947.1476124413234
2947.126868012354
2947.1271275398926
2947.1163660558695
2947.094583838594
2947.0746177477413
2947.0746177477413
2947.0635967803646
2947.0536138247207
2947.0533542984786
2947.0425928563254
2947.0318314602096
2947.0221079335906
2947.000844476455
2947.000584997688
2946.979062245936
2946.9693385726823
2946.96907909447
2946.959355698693
2946.937832660989
2946.937573183334
2946.936795029647
2946.9273306886657
2946.9273306886657
2946.89504647531
2946.9170882392946
2946.905807833725
2946.8955652894992
2946.8955652894992
2946.8955652894992
2946.8750803369385
2946.8850633138395
2946.864059359884
2946.854335949748
2946.8748208138463
2946.8532979519587
2946.8532979519587
2946.843314878395
2946.843314878395
2946.853557381585
2946.8532979519587
2946.853557381585
2946.8328128981516
2946.843314878395
2946.832034610383
2946.8527792323453
2946.843574400931
2946.8540763804795
2946.853557381585
2946.8425365900707
2946.8530385688787
2946.853557381585
2946.8748208138463
2946.8750803369385
2946.863021919916
2946.8750803369385
2946.8645783591487
2946.886101500042
2946.886101500042
2946.8848038836577
2946.8953058591305
2946.896084289876
2946.8955652894992
2946.916828715461
2946.9268117802717
2946.9373137522252
2946.9380921851935
2946.938351755943
2946.959355698693
2946.958836602998
2946.96907909447
2946.97958106309
2946.9903425094108
2946.9903425094108
2947.010827531262
2947.0221079335906
2947.0320908929857
2947.0428523358337
2947.0641157866703
2947.073320580152
2947.0738393075467
2947.1058640985034
2947.1168851571215
2947.137629495684
2947.1271275398926
2947.1473530065095
2947.158892979266
2947.1798968850576
2947.1791182996644
2947.1901392614373
2947.221904686083
2947.2423894756166
2947.2531509513046
2947.2421299925873
2947.2633933665893
2947.283359598241
2947.2854356545936
2947.3059202458967
2947.326145533876
2947.3476684267093
2947.347149410398
2947.3689318787997
2947.4004376833714
2947.389416638508
2947.420144117793
2947.420922436688
2947.441926297743
2947.4526877602325
2947.4729131550625
2947.4836745220027
2947.493917006576
2947.515958899049
2947.5267204501392
2947.546426619962
2947.55718798204
2947.568208925474
2947.5792300549583
2947.610216595528
2947.609178730567
2947.6414628022126
2947.6307013989604
2947.652483834852
2947.66298574683
2947.693712864861
2947.7034365785
2947.7252185859315
2947.735979982932
2947.745962950204
2947.756205454508
2947.7774686575194
2947.7772092581345
2947.7982130582423
2947.808455603582
2947.808455603582
2947.819476254956
2947.8302375989724
2947.8409989890265
2947.8409989890265
2947.8512413910216
2947.862002779686
2947.8617432857263
2947.8830065668258
2947.871726330899
2947.8830065668258
2947.8932489645604
2947.892470760291
2947.9034914075905
2947.9145122409363
2947.9137338959167
2947.9244951869496
2947.9244951869496
2947.9355160192767
2947.9355160192767
2947.9347376731453
2947.945498962789
2947.955482090866
2947.956519794097
2947.9562602984697
2947.9662433323897
2947.955482090866
2947.955741446855
2947.966762184375
2947.956000849389
2947.955482090866
2947.944980204637
2947.9552227814233
2947.9452395604394
2947.955482090866
2947.9552227814233
2947.9337005299485
2947.9444616326687
2947.9349970753096
2947.923976429539
2947.923457858311
2947.912955969813
2947.892470760291
2947.892989516591
2947.892730115168
2947.8725046736954
2947.850722543111
2947.850981943793
2947.8617432857263
2947.8402206478972
2947.818438933729
2947.819476254956
2947.7979537050323
2947.787970558199
2947.7769499052965
2947.7667073567613
2947.7454441990926
2947.735720491195
2947.7257376155817
2947.7141978366953
2947.6924161080788
2947.682692114096
2947.66220713587
2947.6514457807393
2947.641203312143
2947.609957059468
2947.5884342948325
2947.568468507341
2947.5574474706264
2947.525422777248
2947.5149208545704
2947.504159536445
2947.483934009292
