1559.211569334405
1559.181417204753
1559.1570456303925
1559.1270322040834
1559.1086495120012
1559.0847634778859
1559.0603920604367
1559.017984683795
1558.9876936945254
1558.9633915649038
1558.9270423703156
1558.9030174948573
1558.8726571951447
1558.8359612695774
1558.8120751575993
1558.7753792521903
1558.7514238079393
1558.7330411982307
1558.690772431341
1558.6664702768917
1558.642168104479
1558.6058188544753
1558.575527807348
1558.5512256152933
1558.5210039100148
1558.4968403866849
1558.4727461178147
1558.4424550392362
1558.4120946794237
1558.3818035941285
1558.3514432140942
1558.3272796280942
1558.2970577929934
1558.2726863645432
1558.248522759886
1558.2244975800274
1558.1938601884297
1558.1698351087562
1558.145878999619
1558.1213693012628
1558.1031253766141
1558.0729727015062
1558.04873978408
1558.0245068634788
1558.000343132525
1557.9819608032303
1557.9518080826224
1557.933564177255
1557.915389477713
1557.897353160145
1557.8792476132596
1557.8548071330074
1557.830712559218
1557.8123302671245
1557.7883048915792
1557.7759808462868
1557.7701301739
1557.7520246010433
1557.715606010145
1557.7156751529058
1557.7034895271277
1557.6851072629352
1557.6731983161108
1557.6608742998335
1557.6369871052686
1557.63072145865
1557.6245940421245
1557.6064884832724
1557.6003610685182
1557.5883828988676
1557.5884520281602
1557.5641499153674
1557.5641499153674
1557.5580225229915
1557.5460443004617
1557.5397786206108
1557.545906030936
1557.534065992331
1557.5278004341637
1557.5275929460106
1557.527523743455
1557.509763912874
1557.5156147973255
1557.5094873892144
1557.5216730444447
1557.5156147973255
1557.515407253263
1557.515407253263
1557.527523743455
1557.5279386600032
1557.5276621286478
1557.5336511914504
1557.539847784611
1557.5397786206108
1557.5458368662944
1557.5458368662944
1557.5639424156702
1557.563803982943
1557.5702081615402
1557.5822555047196
1557.5941644253185
1557.6003610685182
1557.6064884832724
1557.630513878031
1557.6366413335554
1557.648757817091
1557.6609434965792
1557.6729907817812
1557.697431285321
1557.6972237432958
1557.7154676648659
1557.7275149407233
1557.7456204311538
1557.7637951435183
1557.7759116174361
1557.788235721203
1557.8122610344255
1557.8245851473548
1557.8488180941538
1557.8667851465132
1557.8909488191034
1557.8972839782246
1557.927436719308
1557.9518080826224
1557.963855339189
1557.994008012202
1558.0121134263734
1558.030565093927
1558.0486705662072
1558.0787539265334
1558.103056113131
1558.1212307903677
1558.1455329585438
1558.1696272971424
1558.2002646798826
1558.2121734247846
1558.2426030345755
1558.2668359265979
1558.291068815445
1558.309174234546
1558.3455235544425
1558.3638366942366
1558.394127792129
1558.4123024484827
1558.4423164603593
1558.4728846234282
1558.497048242437
1558.5214195771541
1558.545721648495
1558.5698160620605
1558.60017636261
1558.624478431968
1558.6487112816735
1558.6728056599381
1558.697038498162
1558.7214098117374
1558.7456426487415
1558.7758644554542
1558.806155489075
1558.8244685673599
1558.8607485811444
1558.8726571951447
1558.9031560118642
1558.9337238356645
1558.9457710724446
1558.9762004243153
1558.9943058784104
1559.018676992301
1559.0550262113554
1559.073131671216
1559.0911679167752
1559.1154699043636
1559.1337136747288
1559.157877294692
1559.1821792632495
1559.206481213843
1559.2305756554877
1559.2488885923115
1559.2610049843736
1559.2974924374716
1559.309539696763
1559.327506758759
1559.3518087230457
1559.3639942848476
1559.382238021107
1559.4064016271961
1559.4123906352645
1559.449016400554
1559.4548671494001
1559.4732491653829
1559.4913546054386
1559.5034709841887
1559.5215763962178
1559.5276345840587
1559.5520056291462
1559.5700418933861
1559.5699727137285
1559.5942054549841
1559.600401985611
1559.6122415807915
1559.6305545609132
1559.6305545609132
1559.6485906754522
1559.648936615426
1559.6670420196165
1559.6849397629685
1559.6912747533013
1559.6974020895134
1559.7095184560505
1559.7214964901696
1559.7155766390213
1559.721565665941
1559.7277621409432
1559.7274854751286
1559.739740211144
1559.7518565736195
1559.745729214144
1559.7577763754014
1559.7578455749406
1559.7517873946413
1559.7639729353018
1559.7640420956436
1559.764111236067
1559.7761584578145
1559.758122173905
1559.7698927341212
1559.7640420956436
1559.7640420956436
1559.7639729353018
1559.764180356571
1559.770031115845
1559.7577763754014
1559.764180356571
1559.751925732679
1559.7520639910408
1559.7458675508988
1559.739740211144
1559.7399476247165
1559.7277621409432
1559.7216348217942
1559.7214272944784
1559.7216348217942
1559.7033911189526
1559.7033219451048
1559.6911363882518
1559.679227538219
1559.6733075957445
1559.6671111696971
1559.6611912242604
1559.649005743664
1559.6428784302716
1559.6309002920768
1559.6187148127021
1559.6064601715132
1559.594274637207
1559.5826419745406
1559.576376601643
1559.570318412825
1559.5519364912507
1559.5520056291462
1559.5276345840587
1559.5155873621452
1559.497412794913
1559.4976201315258
1559.4852964157658
1559.4792382258947
1559.4610636550901
1559.44887812665
1559.436830891239
1559.4188636278673
1559.4065399319597
1559.4005508613704
1559.3885726559909
1559.3762489677188
1559.345819706579
1559.3398998040802
1559.3277142805284
1559.3036197448973
1559.3037579083414
1559.2733978490546
1559.2732596521867
1559.2550850611385
1559.2489577379783
1559.237048657477
1559.2187358736844
1559.2007685196138
1559.1823866790853
1559.1885139780964
1559.158222974925
1559.1521647736947
1559.1400483706407
1559.1217355599304
1559.1098264306895
1559.1096882684526
1559.0976409536975
1559.073269945271
1559.0672808490528
1559.0612917314345
1559.0430480336008
1559.0367824595821
1559.0128951515335
1559.0007096784523
1558.9945823931705
1558.9825350586877
1558.9704877009267
1558.970211355781
1558.9520367388118
1558.9461858138002
1558.9401276056237
1558.9337929878195
1558.9219529799052
1558.909767491854
1558.9037783524004
1558.891592865082
1558.8854655684945
1558.8732109188136
1558.8735563487362
1558.8615779561092
1558.8615779561092
1558.8552436061805
1558.8432652907572
1558.8432652907572
1558.8369307898583
1558.8431962478178
1558.836999891914
1558.8312178879137
1558.8186870397394
1558.8250216125728
1558.8248143700112
1558.8188252599218
1558.8310798245193
1558.81269794937
1558.8248143700112
1558.8247452493192
1558.8248834707845
1558.8309416814484
1558.8308725800339
1558.8307343174486
1558.843058102181
1558.8429889994839
1558.8429889994839
1558.8431271849588
1558.8431962478178
1558.8492544591688
1558.843334313777
1558.867221836003
1558.867221836003
1558.8795455129489
1558.8853273342024
1558.8855346557616
1558.8975819856544
1558.9035710848268
1558.9158947709352
1558.9278730250826
1558.927734781812
1558.9340003247705
1558.958164059549
1558.9582331545123
1558.9644294929033
1558.982327766102
1558.9883859709641
1559.000640598919
1559.0126187884302
1559.0188152149733
1559.0308625220248
1559.036851602721
1559.0672117425456
1559.0792590200883
1559.091237105524
1559.097433624555
1559.1215281035775
1559.1274478974797
1559.145760898448
1559.1636585872225
1559.18809908282
1559.1879606250416
1559.2120548608991
1559.2302987219748
1559.236287631035
1559.254739230004
1559.266786390554
1559.2847531617804
1559.315044112046
1559.327506758759
1559.3333572480624
1559.3516703103119
1559.3694984921763
1559.3878116722915
1559.4181718920324
1559.4181718920324
1559.4241607956199
1559.4542437457962
1559.4666373854075
1559.4847426519564
1559.5030557693017
1559.5030557693017
1559.5272885090283
1559.5396125863238
1559.5516597404792
1559.5697650552422
1559.5878703444523
1559.6061141543908
1559.6304853549234
1559.63640506489
1559.6548564828665
1559.6604992318912
1559.6788815822117
1559.6969868710037
1559.7212195878924
1559.7393941234748
1559.7454523016054
1559.7514412009646
1559.7633495958687
1559.7875822937635
1559.793501722345
1559.8054792395033
1559.823653751358
1559.8359089256526
1559.8483720106256
1559.8722579493185
1559.8659220186016
1559.8840270287835
1559.8960738481378
1559.9080510900208
1559.907911921878
1559.931865984364
1559.9441912749776
1559.9559592015573
1559.9739941706407
1559.9678662357305
1559.9861104804395
1559.998017380931
1560.0042849436497
1560.0223198141862
1560.0162616618595
1560.0283081403513
1560.046552421509
1560.0345757116977
1560.0406338647117
1560.05866872398
1560.0588780919766
1560.0592962901658
1560.0649362448385
1560.0711338791382
1560.0774011078734
1560.0713429522023
1560.0775403916052
1560.0834592633462
1560.0833198986563
1560.083598548361
1560.0838768793644
1560.0900045720819
1560.077888252356
1560.0779577647497
1560.0842243449454
1560.096479518771
1560.0723162561674
1560.078582479946
1560.0724549808895
1560.072246863928
1560.0543498124607
1560.0601999262728
1560.0481529653393
1560.0543498124607
1560.0419560409089
1560.029978465894
1560.0298397103124
1560.0117345987546
1560.0056070467372
1559.999479475885
1559.993560097661
1559.993560097661
1559.9693967881751
1559.950875284331
1559.9386894938223
1559.9328396395513
1559.9143873534408
1559.9023404947986
1559.8896678217243
1559.8776211073389
1559.8659220186016
1559.8596553231787
1559.8417588138825
1559.8298507543468
1559.8177344111402
1559.7932934548598
1559.7751883824417
1559.7632802363369
1559.7452444080527
1559.726931187389
1559.702837170439
1559.6844545834722
1559.6723382307391
1559.64838287244
1559.6242194361805
1559.6059063050895
1559.5878010632757
1559.5696265166564
1559.5394741338275
1559.527219234265
1559.4973436428709
1559.4729033184028
1559.4550054644253
1559.4246453637768
1559.4003434360277
1559.3883653540106
1559.3578669151607
1559.327506758759
1559.2974233065934
1559.2791795709777
1559.2487502412214
1559.230783146473
1559.194295658395
1559.1702702792982
1559.139979276356
1559.127931966792
1559.097433624555
1559.0732008182028
1559.0429098057975
1559.0188152149733
1558.9883168329561
1558.9582331545123
1558.9338621200557
1558.9096292922698
1558.8855346557616
1558.8551745221203
1558.8309416814484
1558.8004432717632
1558.7707047420931
1558.7461957866071
1558.7159737635932
1558.6975919136883
1558.6673699238568
1558.6431370585751
1558.6191113075054
1558.5948094115327
1558.5645873245512
1558.534158175582
1558.510063325521
1558.4916815786232
1558.4555393104156
1558.4310302928252
1558.4070735057146
1558.382633556252
1558.3586076883123
1558.3221203214382
1558.3038766112152
1558.2857019268283
1558.2616070340318
1558.2371670545006
1558.2130721874967
1558.1948974922543
1558.1766537829965
1558.1524208534122
1558.128256927752
1558.0979657541304
1558.0799289917554
1558.0555581027247
1558.0373833920025
1558.0253358934724
1557.98905541295
1557.9767320189628
1557.9585573024249
1557.9405205386156
1557.9344622974945
1557.9103671994508
1557.8859273998546
1557.8674766348604
1557.861556451921
1557.8433127091996
1557.825344968264
1557.8132284795647
1557.8009050129135
1557.7889265286
1557.7704757173722
1557.758428279168
1557.7463808176851
1557.7403915786701
1557.7221478368676
1557.7161585944932
1557.7040421012146
1557.6858673598074
1557.6859363400079
1557.6861431610926
1557.6738198434616
1557.6556450971534
1557.6557140542275
1557.649586847987
1557.6435975544134
1557.6434596229115
1557.637194329266
1557.6312741305217
1557.6191576329686
1557.6252158818443
1557.6252158818443
1557.6252158818443
1557.6194334857114
1557.6192955991785
1557.631343124869
1557.6312741305217
1557.631343124869
1557.631343124869
1557.631343124869
1557.6432525762636
1557.6432525762636
1557.649310823063
1557.6613582587545
1557.6673474264448
1557.6613582587545
1557.6796710933993
1557.6796710933993
1557.6917875857007
1557.7035586686059
1557.7218716218047
1557.7220097691747
1557.7340571924071
1557.7341262574153
1557.7461045923606
1557.7582901639407
1557.770337559741
1557.78245404224
1557.8005596526
1557.8068942229695
1557.8308508491916
1557.849301913377
1557.8614183945645
1557.8672002785518
1557.8859273998546
1557.903757009422
1557.9220007885933
1557.9401064360375
1557.952153821892
1557.9763867648464
1557.976455855508
1558.0127361733241
1558.0249908128947
1558.042889086407
1558.061340219542
1558.0916313862908
1558.0974823085792
1558.121784355889
1558.1458098312426
1558.170250194166
1558.1885630865438
1558.2128650795041
1558.2308324741514
1558.2611927275059
1558.27929828385
1558.3034620387225
1558.321774984135
1558.3460769910937
1558.3642516637544
1558.3883463092307
1558.406520973876
1558.4308229960534
1558.4547791940324
1558.491266886841
1558.5094415394406
1558.5277545082204
1558.551918226735
1558.576289379487
1558.600591362686
1558.624616810296
1558.6368023986786
1558.6669551204814
1558.6913263197944
1558.7033043893614
1558.727468021286
1558.7578282792847
1558.7821303099697
1558.8063631441657
1558.8307343174486
1558.854828803031
1558.878923195501
1558.9092142154586
1558.9213306220527
1558.951829276574
1558.9699346919301
1558.9939597867817
1559.0184003079269
1559.0425638877057
1559.0665195819229
1559.0789823100617
1559.1030766256997
1559.133436861937
1559.145414726652
1559.1696475055205
1559.1938109819666
1559.2122626448977
1559.2364261787502
1559.2482653849556
1559.2664399554346
1559.2786949711315
1559.308916610958
1559.3211715943
1559.3393461634064
1559.3636481968026
1559.3697756440438
1559.3938005595169
1559.4120444219707
1559.430357531069
1559.4544517262686
1559.4663601128188
1559.4784071098204
1559.4967203781341
1559.5151028660812
1559.5210917562315
1559.5391969898064
1559.551313353837
1559.5573021978282
1559.5755460795167
1559.5936512801184
1559.605975608109
1559.6059063050895
1559.6239421765688
1559.6361278798238
1559.6421860587627
1559.6483135649316
1559.672476950482
1559.666280054075
1559.678396407205
1559.6847319484123
1559.6905821312955
1559.702767837239
1559.7148841905525
1559.720734242028
1559.7208036369082
1559.7210117020354
1559.7331973719279
1559.7389781609468
1559.7451750703633
1559.7328505903026
1559.7453830236734
1559.7453830236734
1559.7513025840606
1559.751163887481
1559.7454523016054
1559.745313725822
1559.7513719024716
1559.757568657271
1559.7573607598704
1559.7514412009646
1559.745313725822
1559.745313725822
1559.7512332457302
1559.7514412009646
1559.751163887481
1559.7452444080527
1559.739047537832
1559.7392555489744
1559.7271391946833
1559.727277766618
1559.715022839598
1559.7090339557612
1559.7089646617578
1559.702906483719
1559.702767837239
1559.6847319484123
1559.6786044588648
1559.672476950482
1559.6666959704278
1559.6606377897174
1559.6482442375038
1559.636266512195
1559.636197205969
1559.6241501511558
1559.6180919703388
1559.6060448912096
1559.5937899433486
1559.581812161803
1559.581812161803
1559.557648687272
1559.5513826710037
1559.5456707722865
1559.5273577638725
1559.5213688128804
1559.5031942539397
1559.4908008364982
1559.4847426519564
1559.46057919943
1559.4545902803218
1559.442612377904
1559.4302882665668
1559.430357531069
1559.4121829670453
1559.399928047528
1559.3940776419702
1559.3759722913417
1559.3697756440438
1559.3453350573504
1559.3393461634064
1559.3272990577184
1559.3149747999726
1559.30306629436
1559.2910883910733
1559.2791104021856
1559.2729138114316
1559.254739230004
1559.2366338509307
1559.2305064519883
1559.2181823356239
1559.2000770146599
1559.1882374609213
1559.1697860391264
1559.1697860391264
1559.1577388831658
1559.1455532551274
1559.133436861937
1559.121320467953
1559.1030073559916
1559.0910987081072
1559.0849712812374
1559.0729933174855
1559.0606692408253
1559.048760515654
1559.0427023146997
1559.0306550945322
1559.0182618462256
1559.018676992301
1559.006422284578
1558.9940982831902
1558.9879708441297
1558.9759236782227
1558.9638072739185
1558.9576798370717
1558.9516216350648
1558.9457710724446
1558.933447027853
1558.9395744629278
1558.9275964588658
1558.9091449662735
1558.9151338992826
1558.9033636379816
1558.8970285601683
1558.9030867633205
1558.8969592923468
1558.8970285601683
1558.8910396040792
1558.8910396040792
1558.884981399889
1558.8789924215598
1558.8788539495222
1558.8726571951447
1558.8727957455762
1558.8787846836244
1558.8726571951447
1558.8846349675994
1558.878715397808
1558.8727264803204
1558.8785767664176
1558.8849121532694
1558.878923195501
1558.8907624955204
1558.8788539495222
1558.878715397808
1558.890970356818
1558.8968900046061
1558.8969592923468
1558.8969592923468
1558.9091449662735
1558.9092142154586
1558.9213998526016
1558.9152031690285
1558.9152031690285
1558.9270423703156
1558.9331699013367
1558.945216968503
1558.95155238139
1558.9576798370717
1558.9697962404903
1558.9755772974281
1558.9757851856618
1558.993890508699
1559.006076186536
1559.0179153433894
1559.0181925854965
1559.0303089836634
1559.0424946443304
1559.0544031887032
1559.066588887621
1559.0726470845746
1559.0847634778859
1559.090683037799
1559.1030766256997
1559.1090655523956
1559.133298336027
1559.133159730441
1559.1453454325358
1559.1636585872225
1559.169578208839
1559.1997998549452
1559.2060659484798
1559.2241019439105
1559.23009081269
1559.2421378501836
1559.260312419334
1559.2724981451977
1559.2846838529138
1559.2904646055001
1559.2965227925454
1559.3147667442386
1559.326605426184
1559.338582825946
1559.3501425116356
1559.3805030510164
1559.392270909215
1559.398607919864
1559.4105848882687
1559.4282709312959
1559.4464454358142
1559.4587712474759
1559.470678105727
1559.4948409033432
1559.5131551215609
1559.5253412863212
1559.5311898936482
1559.5492245765788
1559.555422549882
1559.5793055136617
1559.5975499713693
1559.6035381507186
1559.6217126264273
1559.6282602460724
1559.6401669172626
1559.6585510564048
1559.67658578342
1559.6829233795086
1559.7008883115273
1559.7070861943462
1559.7190627892533
1559.731318835254
1559.743435154517
1559.7613999996627
1559.7613999996627
1559.7733064977167
1559.7854228065057
1559.7977489375728
1559.8158534808194
1559.816202896779
1559.8340279433853
1559.8402259284471
1559.8586798236918
1559.858400392479
1559.8584702801604
1559.876714614017
1559.8766447443302
1559.8766447443302
1559.8825630982449
1559.9069355139773
1559.8826330084103
1559.9070752398445
1559.9133428357964
1559.9192613832179
1559.9314475084439
1559.9379241433176
1559.9320053169877
1559.9381331142988
1559.943982302072
1559.950388652417
1559.9565163932239
1559.956933450385
1559.9447476596315
1559.9506668473093
1559.9507363462353
1559.9447476596315
1559.9386894938223
1559.9506668473093
1559.9385505184541
1559.9383419060111
1559.9323532999683
1559.944260892775
1559.9382723286926
1559.9323532999683
1559.9324228368082
1559.920236972488
1559.9142483433664
1559.9141788084498
1559.902132013412
1559.901853759367
1559.8958651894059
1559.8836096592593
1559.8836096592593
1559.871423703713
1559.8530402120584
1559.840714710456
1559.8342376584887
1559.8344471943242
1559.822261054373
1559.8221213464624
1559.810284364658
1559.7918305629225
1559.785912105834
1559.7800633460583
1559.76202835864
1559.74998174966
1559.7258884618666
1559.7137721298693
1559.7019342851704
1559.6837597767992
1559.6718520841946
