197.30721720812275
197.28372441234671
197.23784948957797
197.23783944545733
197.19302492673904
197.16207258117126
197.14500579968188
197.12472437819454
197.0671047910357
197.0030693345974
196.99026757927888
196.94438269144763
196.94971481213597
196.91449750908902
196.85686801258544
196.81418111513943
196.82377829510528
196.7736317237101
196.73415606332742
196.69573092380674
196.6989288812963
196.6466415465274
196.59969628328457
196.6092934598675
196.56340867864128
196.57086180740228
196.45883080530533
196.4726897633523
196.44708296295235
196.4214663028599
196.38519192799927
196.39160432884023
196.33716318503994
196.32116345607622
196.32115689182783
196.2720742148509
196.24646087627366
196.28273851710082
196.19522768606018
196.17281889598414
196.20376110489883
196.15681261912238
196.16855055534396
196.09599204508925
196.10025711931664
196.08957975204174
196.05543630553007
196.03729261342758
196.02876245714583
196.04262478013686
196.05222853921967
195.97113339929402
195.94232539228196
195.8932233019101
195.88682729113467
195.88362928999982
195.90709862933207
195.9166926581874
195.86974423023787
195.82386289889982
195.85907663851714
195.88360984043055
195.83772203774197
195.84093298700623
195.83346988742252
195.77691449809154
195.8494728906432
195.8142656392329
195.85907988108053
195.84200979668714
195.83027513118068
195.82707713281204
195.81640955632776
195.8078696396104
195.82601330332326
195.8580257971298
195.78973899844226
195.81748315471745
195.80467815896472
195.80894649077783
195.83028815141097
195.87297800972505
195.87938051024432
195.8900513449657
195.8975274714424
195.90073199755733
195.89538676257146
195.90605759827278
195.91779878813782
195.91460080975867
195.9391404633574
195.91886914459903
195.93487867716104
195.98822632627966
195.978612765005
195.99140474063245
196.047956949702
196.05435620646296
196.03300479166504
196.10236527517867
196.12264961779678
196.15146090872906
196.19094305589
196.18454705156554
196.22403246621934
196.22511261456194
196.21977718696758
196.2475279619848
196.24327604390993
196.32650875564903
196.3606456502112
196.37452435255457
196.48335406439972
196.41292304661442
196.39370566678699
196.49294474190694
196.55482600305007
196.48974348053724
196.62739777252864
196.5270980826375
196.63594431085457
196.68610403022288
196.6626346700369
196.64129620064537
196.65837291173898
196.646651477405
196.68400621083757
196.8195398391957
196.77686627927477
196.78435601801013
196.76515513444915
196.7864969247449
196.78652056302747
196.79612437083517
196.83455318258265
196.88257564592666
196.86980130777727
196.9135726584106
196.88369066952689
197.089642749825
197.06723727130247
197.0224263289649
197.03844309387827
197.11206551257555
197.06830781819636
197.0619087246151
197.14299045966254
197.1878083414694
197.19634508216785
197.18567760496495
197.18354341983988
197.20168054531663
197.2806419714457
197.25822269363587
197.34146973801256
197.33719791537513
197.37134490927411
197.31051713579186
197.38415693582425
197.42256886302673
197.44818949088068
197.39909279664195
197.4631184396845
197.5548713332731
197.48446378040575
197.55488511609715
197.5559625785479
197.55063056593158
197.5965087282458
197.63064541093036
197.60931041279207
197.67013830461576
197.7266840081274
197.66799720028126
197.65200114214116
197.7213762370652
197.7523116083901
197.76298950975288
197.8024755484075
197.79074096577148
197.8152668216963
197.8451524623668
197.8771757955425
197.91983883869202
197.87181947743392
197.89529907341438
197.90490641464444
197.89530948721927
198.0158810687306
197.97533483182045
197.96360370844033
197.96680152513952
198.01589148964953
198.0137399407167
198.0041464652311
198.05750482895166
197.9945252643405
198.03722649464987
198.02015640401845
198.0553636870962
198.09484284501858
198.02227672186785
198.08951777097838
198.06924290701204
198.0180222085497
198.07884678964953
198.0937861636929
198.10232294943543
198.1247389742677
198.08952821365813
198.09487766951452
198.05538455971802
198.0959447678629
198.03512366967166
198.0650199489201
197.99885284843552
198.063956365859
198.12798931744652
198.11304993577554
198.04369206118182
198.05753973318724
198.04685126436584
197.99775082908565
198.0415018371893
198.04788706783006
197.9635794407998
197.96464308285616
197.96678419079583
197.94757644028633
197.9966456533055
197.96997511679146
198.0169412335994
197.98492830741836
198.07243378561859
198.06390047062146
198.0116161487446
197.95398941469674
197.93264747012566
197.9486469981878
197.95506345397806
197.95720112406408
197.9796206153135
197.9572150546452
197.87399544308778
197.8633174824417
197.95935273952333
197.9091852260858
197.8931857330415
197.93692627509097
197.91450681929493
197.8963696387387
197.87290045171187
197.913439722246
197.91342933349594
197.83979620158047
197.80245128262897
197.82166247535469
197.76296526972902
197.77789082617997
197.74694504353377
197.81951102067566
197.6765236156818
197.70212014925323
197.70849875424113
197.69250942764438
197.6925060010018
197.66476837737434
197.62953712376702
197.65089271039585
197.59752427754486
197.56763880412495
197.5665819472441
197.55058236786022
197.51535458760569
197.54309563117567
197.54737083028488
197.5388443281881
197.46733876348233
197.492935393846
197.4886670176907
197.4822746689313
197.4385306413697
197.4395739054243
197.4182490377195
197.44598666336293
197.42037641439418
197.45129838225787
197.39904135294216
197.38088715711643
197.35848159516624
197.35847480436283
197.36487736360095
197.35100854601902
197.3339418519064
197.3360726388034
197.36701155006594
197.44065119451741
197.4001152679522
197.4289131636323
197.40650079707393
197.42144010703225
197.46839903911717
197.50360293498474
197.51319999103194
197.56762859251896
197.54522641366
197.54948119465251
197.56015553334495
197.54521621208403
197.5793700334816
197.45236547593234
197.46304657493326
197.3819474645432
197.38087698265116
197.34885404067842
197.40755431674253
197.4000812767245
197.41395349119833
197.36806509577767
197.45449290355188
197.4406105696335
197.50038131581704
197.42140962870704
197.42780544809247
197.4779554788938
197.43314091528688
197.47581792715965
197.40431594848647
197.40965477176633
197.44274139006643
197.46728117797213
197.56011498475232
197.60600004008927
197.60600340407666
197.64335508220887
197.60601351345434
197.59745992377643
197.7009748379239
197.71485718996453
197.68711271694843
197.74473585815159
197.71166943250762
197.81199340162368
197.86640170697922
197.91014926485698
197.97204087171
197.96031980655434
197.95177962600638
198.0179294380096
197.9827084489169
197.93255829238632
197.97735942707365
197.9656281252473
197.96988974972413
197.9517457294737
197.94746723098172
197.97627883940893
197.88450182324394
197.88236091834992
197.81086549848314
197.75964156761307
197.7479102217164
197.76605084166533
197.75538996317795
197.65935477078676
197.69029715933237
197.72765221629177
197.80129192267177
197.8258317491744
197.83331833520037
197.8461234877912
197.87494527075722
197.8973542950812
197.92935700256288
197.95069893582985
197.91228345783088
197.9176053960635
197.96136651214982
197.95709812510995
198.03393589616323
198.0413920114742
198.1139444895579
198.12674966125624
198.225989773816
198.22384544884062
198.23344259487644
198.26866695363466
198.26227111939434
198.3262869073241
198.38177605580853
198.3775144145595
198.40526576395501
198.41593675835006
198.52797546599814
198.55892137211427
198.61334688289696
198.64748733551684
198.68270505152216
198.70830871050117
198.74992904500297
198.71897972261073
198.69977190128392
198.6624233658744
198.67736277907784
198.69871156820915
198.6827016663616
198.76593895434624
198.7488721116448
198.66884291032804
198.67310114221553
198.62935339352902
198.54293182386206
198.50132171756113
198.5013319407119
198.50348323789817
198.47469214130797
198.4426825816396
198.42560898159277
198.47043063302894
198.4875111426738
198.52488044910348
198.47791761791774
198.48860250170577
198.5494272434389
198.53342073039857
198.53554104886447
198.5280713437782
198.49500163074546
198.52381334835968
198.54407093055636
198.5547419384808
198.5429969169399
198.56755407428878
198.51952070287288
198.5856913267796
198.56968481198135
198.56541987241096
198.56008783475608
198.58143679787582
198.6401308450996
198.60492346176474
198.59530563921797
198.60919884053507
198.5665078191966
198.54409869827526
198.5729069440121
198.51207524060857
198.53874235114236
198.51740727214218
198.5163401714651
198.52808870428552
198.50995495529102
198.50890531477162
198.5131702202428
198.45981518625277
198.39471857420196
198.43099998127502
198.41286626581226
198.3733800658502
198.3712388843134
198.34137056372555
198.3648432661609
198.3040116015461
198.27414328851634
198.3093575722968
198.27199861886578
198.23999261847803
198.3050856800431
198.2335795636844
198.20904674527608
198.20370079232723
198.18662373109407
198.1236858311351
198.18557755515428
198.13860777246163
198.0671052362954
198.071377103108
198.09697704130215
198.06281605789866
198.01478630983405
198.01799450037475
197.97957209594452
197.98383016188885
197.92941853086887
197.93156652567754
197.9422305900844
197.92196265228736
197.89849689872182
197.88248352374563
197.8344710944906
197.84087367385536
197.81312916497333
197.7843141038928
197.75763670060547
197.71815069506007
197.70108407788092
197.66906429576454
197.66265827078297
197.60076329897979
197.6221259352347
197.58690141625627
197.5602344198045
197.52288610216021
197.5260943171336
197.49620527679704
197.4215190642718
197.4215225320282
197.42044850534566
197.34360737674004
197.3158664010805
197.3115980275843
197.26250138954424
197.22620990932347
197.20169090078372
197.16647339090963
197.1440713605147
197.123789697237
197.08645183993247
197.05549580910284
197.04589198323012
197.0032117699088
196.9765413939056
196.92317992624046
196.8847577602504
196.9135726584106
196.88262702435773
196.87303356150352
196.80793068893615
196.8388763097269
196.7961995926847
196.7588514380247
196.70334899198437
196.71188570895464
196.68414481907178
196.64358854985792
196.6211762462256
196.58488494675893
196.60302545670896
196.53366127519558
196.54858346410074
196.47068262735266
196.48668215552803
196.48668894687455
196.44718636016353
196.4076973681949
196.41302269644657
196.36820839988616
196.36607759436473
196.28283472894512
196.26683179279058
196.26682843191765
196.25082213636006
196.2678955183404
196.22094036485083
196.2316179438119
196.1697168855741
196.16757936380733
196.14621761232377
196.14729804483372
196.1547676440739
196.0811320745416
196.06192787968067
196.06618954957233
196.07365248589502
196.05764953895695
196.05765286959405
196.05764953895695
196.03630451394534
196.05764953895695
196.01816407331455
196.0309690900344
196.03097241724444
195.98294695882242
196.00534246754108
196.00641286426338
195.97866204821227
195.97544758949158
195.99573209196583
195.99679917637246
196.0202684303136
195.98077642496438
195.960488691254
195.96048214119023
195.9892901391649
195.96580123616482
195.99247507852877
195.97113339929402
195.95300275076454
195.9657979798937
195.9551401832427
195.97754894621238
195.99570246677618
195.97968965347405
195.9924979370494
195.99463538256487
195.99890699959005
196.0010378879305
196.00850747782087
196.0213157703879
196.04905996679605
196.02024540543832
196.0469061547101
196.06717749586082
196.09384809058028
196.11197877051194
196.1301062371267
196.143984820897
196.10236203653815
196.15038084804195
196.17384378509672
196.19625903023922
196.23360377973754
196.2368115037049
196.2954915069321
196.32964148263002
196.33391306069575
196.34992258806645
196.38727384508064
196.44808805574363
196.51104617691865
196.50251920330226
196.53879044092662
196.55587356161786
196.60175832283213
196.64124707027057
196.72555029100175
196.75757273628216
196.77357580102077
196.76184109109553
196.78531377785632
196.78851504440317
196.79492084444357
196.8493522087413
196.9101730325699
196.94646721624886
196.933672015201
196.95075866819752
196.9048804200124
196.91022250348047
196.9411747623638
196.94758063157724
196.97319746536147
196.95826153613666
196.97533164631767
196.9977438854499
197.03615247918984
197.05001799803946
197.08735288955677
197.0628164375933
197.0841516165149
197.11828859070567
197.14496918288813
197.17058269158974
197.19086407058933
197.24207120808984
197.27834241213378
197.30823091894806
197.34023706954076
197.41386646532715
197.41172566656095
197.44266146286057
197.52270997694268
197.5077706674024
197.56219244403434
197.59099735972495
197.6486270653754
197.66995902349106
197.72117295561884
197.74464244346757
197.7766618885681
197.75958506860482
197.79480580894085
197.81827529846768
197.83856333437103
197.91217970735428
197.88977069609214
197.96019902690327
197.9858159483739
197.947407106922
197.9570176068577
197.95490338695788
197.91438051640327
197.92293075028152
197.93254812891368
197.90587410148567
197.9005487897977
197.92189071995645
197.93576297596104
197.92828651532523
197.96991007236826
198.0061981684939
197.99979218506658
198.01152345997735
198.02113072952275
198.03392571800214
198.09794478809312
198.09473673377428
198.10967272240632
198.08512273644837
198.12673280463062
198.11179007688597
198.08403547712828
198.09471651830847
198.10858206871177
198.12992401805423
198.1203167867429
198.1352628627782
198.13312866761908
198.11712892671292
198.10646131699082
198.10112919762807
198.10112582970913
198.11606856272203
198.143819847518
198.1235449911761
198.16194702818942
198.17474212017933
198.14165538580204
198.14378958093982
198.1427057702964
198.1501621339049
198.15870223903397
198.13628654575137
198.1437562271503
198.12881354555114
198.1288102293322
198.12988728399475
198.13734369391412
198.13413247930401
198.11064644756348
198.12025691496595
198.1415922625624
198.1202371666849
198.12023388546325
198.11383130401234
198.12769701008986
198.10956291650908
198.12130426363723
198.09143541082142
198.12558910168127
198.1117234399462
198.08398222274633
198.09678408197482
198.09786109963923
198.0861230327958
198.10747824210108
198.0615997201815
198.06588144332414
198.05201586697785
198.03174772067445
198.02960683157403
198.0253417903158
198.03281481758813
198.01253328272404
198.01148294419343
197.99761404578345
197.99015109701693
197.95814493543236
197.9784400613544
197.95178985156787
197.9571492980315
197.93580735810494
197.92622758593515
197.90809730857325
197.90918174873906
197.8622364391847
197.83877076436278
197.8633174824417
197.83986235555906
197.83667512529172
197.82494058110774
197.806817586791
197.79188531129935
197.77802014434593
197.77909790066633
197.74923344114296
197.73535761654108
197.7364104749048
197.71613208853583
197.69907276968547
197.69162093902926
197.66600705062262
197.69162451659943
197.69270236332036
197.691649640875
197.69272033836677
197.66818432535524
197.65645348376003
197.64792756352662
197.63511516801537
197.63404445738942
197.609501241337
197.59884475026774
197.58816293041798
197.57640683680998
197.58063222907498
197.5571170870844
197.5634635037596
197.54956693555857
197.53246578684886
197.52498237925602
197.49613327647108
197.4790326831998
197.48434124779982
197.5078072668926
197.478969090626
197.50562986379336
197.494942439993
197.4970634868181
197.46718160278408
197.45116213056127
197.4511588683008
197.44689375937008
197.43621956988264
197.3828519284811
197.39459644602277
197.3711171627874
197.35190950358052
197.32950057051437
197.33056441421982
197.33803081262948
197.335903122525
197.3209638348661
197.3188296510193
197.31242060669175
197.307098144673
197.30068259689452
197.2836221247413
197.27508539100464
197.303900125504
197.29216211512772
197.28788723852105
197.29855815633138
197.30175618118614
197.3209573415862
197.32843998371845
197.31989024970153
197.3508554352025
197.35191275518247
197.37005983513683
197.37966366604178
197.37967345731275
197.36259671318342
197.3593889125297
197.37645913112533
197.36045926523795
197.38287473458752
197.3497785709148
197.34551671411714
197.3583283440772
197.38073075839722
197.4490246827341
197.45222922337547
197.44797392997202
197.41810516910044
197.40316258953442
197.3999613116355
197.40423624839087
197.41598084667203
197.39785345989515
197.41386977619445
197.44055705329995
197.45337215022133
197.4821903398377
197.4640631201777
197.4736904713021
197.4630296529516
197.49612648605898
197.51214308783855
197.52388112409824
197.5164250934304
197.57191059213983
197.55803836291403
197.57510165520952
197.56655809999168
197.59109448597397
197.58467837732863
197.57612476143265
197.61880181263055
197.61345627389227
197.61451332808826
197.66573720954688
197.66360636788394
197.6796161400187
197.69562591715547
197.74471564915166
197.7340480575992
197.7521685543705
197.78523514891748
197.7830976256557
197.78522848645582
197.8054900061791
197.8140267689128
197.83856996410117
197.88019001431286
197.88978392475167
197.89511609215847
197.91218301060616
197.92926978864077
197.95273927495953
197.96447071578342
197.96873910057204
197.9858159483739
198.00395327906654
198.0455634357944
198.0583785143081
198.0445095683792
198.02637223935508
198.02317426655065
198.04451620040405
198.0445228440389
198.0637405758508
198.0584084261813
198.0541467172009
198.0392073600558
198.03067058511917
198.0445294992837
198.07228068732817
198.08721337818753
198.0658647813449
198.08614295119554
198.09040468830636
198.1330753049127
198.14696416694017
198.14802793906648
198.17576915105747
198.210986697786
198.24833845199908
198.27716344206803
198.29530411424992
198.30813275745342
198.3572260334078
198.420195007588
198.4052522393314
198.4319263500215
198.3796553800724
198.35725986455026
198.34657192210435
198.34340118818352
198.29646590638492
198.3509120010523
198.3338384099949
198.33385220765166
198.35947297711178
198.3722920558482
198.37548640853265
198.40322060615503
198.40321714521724
198.423492044846
198.40959559867602
198.41704471311942
198.4127558348585
198.4138263404364
198.4501009202998
198.41808113200818
198.41167853483665
198.4170310482456
198.38396120469048
198.40105536272554
198.38505918818439
198.36373445270854
198.3605400768075
198.35095006005787
198.3402825402591
198.33281980530762
198.32429347334661
198.27306223369098
198.27947180183008
198.26239821240392
198.25174119683356
198.25068812086468
198.2261589046347
198.23470275105367
198.20909589676512
198.20483456763696
198.19310355490254
198.19418129460598
198.18137965547822
198.17498061510182
198.15364574946986
198.12910959918122
198.11096535064507
198.11201821653233
198.08001592255889
198.08322791358808
198.06509795487796
198.0747125904947
198.05337061437012
198.04057979671092
198.00217504935853
197.99363826097382
197.98829556389745
197.9840343745409
197.94774223049436
197.93599337767537
197.93277776012866
197.89009384776708
197.85486892043062
197.84844854899282
197.82069338673153
