1.717937681157764
1.7170532252177395
1.7173133570961454
1.7187181012308201
1.7176255177940334
1.7172093041226617
1.7172613305723985
1.7176255177940334
1.7173133570961454
1.7170532252177395
1.7173133570961454
1.717001199064157
1.7167930951905532
1.7174694371118449
1.7167930951905532
1.7174694371118449
1.7172093041226617
1.717157277746992
1.7178336264069571
1.7173653836940161
1.7175214639318597
1.717157277746992
1.7169491729846982
1.7173133570961454
1.7170532252177395
1.717157277746992
1.7175734908259415
1.7170532252177395
1.7168451210479247
1.7166890436980111
1.7169491729846982
1.717001199064157
1.7167930951905532
1.7167930951905532
1.7169491729846982
1.7168971469792496
1.7168971469792496
1.7170532252177395
1.7168451210479247
1.7165329670145297
1.7172093041226617
1.7174174103659539
1.7166370180627837
1.7165849925016232
1.7168451210479247
1.7165329670145297
1.7165849925016232
1.717157277746992
1.7168971469792496
1.7167410694072487
1.7171052514453322
1.7166370180627837
1.7167930951905532
1.7171052514453322
1.7166890436980111
1.7172613305723985
1.7173133570961454
1.717001199064157
1.7173133570961454
1.7167410694072487
1.7168451210479247
1.7168971469792496
1.7168971469792496
1.717001199064157
1.7173133570961454
1.7170532252177395
1.717157277746992
1.7172093041226617
1.7173133570961454
1.717937681157764
1.7176255177940334
1.7168971469792496
1.717001199064157
1.717157277746992
1.7176255177940334
1.7172613305723985
1.7174694371118449
1.7169491729846982
1.7174174103659539
1.717157277746992
1.7177815991425973
1.717157277746992
1.7170532252177395
1.7178336264069571
1.7175734908259415
1.7174174103659539
1.717157277746992
1.7173653836940161
1.7172093041226617
1.7175734908259415
1.7172613305723985
1.7172613305723985
1.7173133570961454
1.7172093041226617
1.7173133570961454
1.7172613305723985
1.717157277746992
1.7176775448361923
1.7172093041226617
1.7173653836940161
1.7177295719523613
1.7175214639318597
1.7176255177940334
1.717989708644268
1.718197819330726
1.7174694371118449
1.7172613305723985
1.718145791548011
1.7173133570961454
1.718197819330726
1.7182498471873942
1.7170532252177395
1.7172613305723985
1.717157277746992
1.7172093041226617
1.717001199064157
1.7172093041226617
1.7171052514453322
1.7172613305723985
1.7172093041226617
1.7175214639318597
1.717157277746992
1.7169491729846982
1.7169491729846982
1.7170532252177395
1.7180937638393061
1.7170532252177395
1.7174694371118449
1.717157277746992
1.7168451210479247
1.7169491729846982
1.7170532252177395
1.717157277746992
1.7170532252177395
1.7171052514453322
1.7171052514453322
1.717001199064157
1.717001199064157
1.7169491729846982
1.717001199064157
1.7171052514453322
1.7168451210479247
1.7170532252177395
1.7170532252177395
1.7176775448361923
1.7170532252177395
1.7168451210479247
1.7169491729846982
1.7170532252177395
1.7173653836940161
1.7182498471873942
1.7170532252177395
1.717157277746992
1.717157277746992
1.7171052514453322
1.7172093041226617
1.7174694371118449
1.7172613305723985
1.7172093041226617
1.7170532252177395
1.7172093041226617
1.7173653836940161
1.7173133570961454
1.717157277746992
1.7170532252177395
1.7171052514453322
1.7170532252177395
1.7172613305723985
1.7175214639318597
1.7174694371118449
1.7172093041226617
1.717157277746992
1.7172093041226617
1.7172093041226617
1.7175734908259415
1.717157277746992
1.7171052514453322
1.7171052514453322
1.7171052514453322
1.7171052514453322
1.717157277746992
1.7172613305723985
1.7173133570961454
1.7176775448361923
1.717157277746992
1.7174174103659539
1.7172093041226617
1.7172613305723985
1.7173653836940161
1.7170532252177395
1.7172093041226617
1.7172093041226617
1.7173133570961454
1.7172613305723985
1.7173653836940161
1.7172613305723985
1.7172093041226617
1.717157277746992
1.717157277746992
1.7174694371118449
1.7172613305723985
1.7174694371118449
1.7176775448361923
1.7178336264069571
1.7176255177940334
1.717989708644268
1.7182498471873942
1.718405931202085
1.717885653745384
1.718145791548011
1.7172613305723985
1.7174174103659539
1.7173133570961454
1.7175734908259415
1.7175214639318597
1.718145791548011
1.7173653836940161
1.718041736204782
1.7174694371118449
1.7177815991425973
1.717157277746992
1.717157277746992
1.7173133570961454
1.7171052514453322
1.717001199064157
1.717157277746992
1.718145791548011
1.718145791548011
1.717989708644268
1.7177815991425973
1.7178336264069571
1.7175214639318597
1.7182498471873942
1.718405931202085
1.718562015883208
1.7177295719523613
1.718145791548011
1.7187701298281581
1.718614044258345
1.7187181012308201
1.717989708644268
1.718197819330726
1.717937681157764
1.7175214639318597
1.7176775448361923
1.7177295719523613
1.7176775448361923
1.717937681157764
1.717937681157764
1.718301875118243
1.718509987582138
1.718301875118243
1.718405931202085
1.717937681157764
1.718145791548011
1.7183539031232158
1.7180937638393061
1.718301875118243
1.7177815991425973
1.718301875118243
1.718145791548011
1.719030273925739
1.7178336264069571
1.718145791548011
1.718041736204782
1.718197819330726
1.718509987582138
1.7193424492868985
1.718145791548011
1.7182498471873942
1.717937681157764
1.718614044258345
1.7174694371118449
1.718457959355078
1.717989708644268
1.717937681157764
1.717885653745384
1.7178336264069571
1.718509987582138
1.717989708644268
1.7177295719523613
1.7191343320832857
1.7174174103659539
1.7175734908259415
1.7175734908259415
1.7174694371118449
1.7176255177940334
1.717885653745384
1.718562015883208
1.718197819330726
1.718614044258345
1.7183539031232158
1.7174694371118449
1.7175734908259415
1.7175734908259415
1.7191863612730458
1.718457959355078
1.71882215849962
1.718562015883208
1.718457959355078
1.7192383905369866
1.717989708644268
1.718041736204782
1.717937681157764
1.717937681157764
1.718145791548011
1.7176775448361923
1.7175734908259415
1.717989708644268
1.7193424492868985
1.718301875118243
1.718145791548011
1.718197819330726
1.7180937638393061
1.7173653836940161
1.7176255177940334
1.7174174103659539
1.7176775448361923
1.7176255177940334
1.7175734908259415
1.717937681157764
1.7176255177940334
1.7174694371118449
1.7174174103659539
1.717989708644268
1.717157277746992
1.7175734908259415
1.717157277746992
1.717157277746992
1.7171052514453322
1.7168971469792496
1.7177815991425973
1.7170532252177395
1.717157277746992
1.717001199064157
1.7174694371118449
1.7172093041226617
1.717157277746992
1.717001199064157
1.7173653836940161
1.7171052514453322
1.7173653836940161
1.7176775448361923
1.7173653836940161
1.7169491729846982
1.7173653836940161
1.7171052514453322
1.7172093041226617
1.7171052514453322
1.717157277746992
1.717001199064157
1.717001199064157
1.7172613305723985
1.7174174103659539
1.7172613305723985
1.7173133570961454
1.7172093041226617
1.717157277746992
1.7173133570961454
1.7176255177940334
1.7173133570961454
1.7175734908259415
1.7173653836940161
1.7172613305723985
1.7172613305723985
1.7171052514453322
1.7173653836940161
1.7172093041226617
1.7172093041226617
1.717157277746992
1.7172613305723985
1.7174694371118449
1.7174174103659539
1.717157277746992
1.7174694371118449
1.717157277746992
1.7171052514453322
1.7177815991425973
1.7171052514453322
1.7171052514453322
1.7172613305723985
1.717157277746992
1.7170532252177395
1.7174174103659539
1.717157277746992
1.7170532252177395
1.7171052514453322
1.7171052514453322
1.7172613305723985
1.717157277746992
1.7170532252177395
1.717157277746992
1.717157277746992
1.7171052514453322
1.717157277746992
1.717157277746992
1.717157277746992
1.7171052514453322
1.7172093041226617
1.7174174103659539
1.7175214639318597
1.717157277746992
1.7170532252177395
1.7174174103659539
1.717157277746992
1.717157277746992
1.7173133570961454
1.7173653836940161
1.7172093041226617
1.7172613305723985
1.7172093041226617
1.717157277746992
1.7172093041226617
1.7172613305723985
1.7172093041226617
1.7172613305723985
1.7171052514453322
1.717157277746992
1.7172093041226617
1.7173133570961454
1.7173133570961454
1.717157277746992
1.7172613305723985
1.7173133570961454
1.7172613305723985
1.7171052514453322
1.7172613305723985
1.7172613305723985
1.7173653836940161
1.7172093041226617
1.7173133570961454
1.7172093041226617
1.7173133570961454
1.7174694371118449
1.7173653836940161
1.7174694371118449
1.7174694371118449
1.7173133570961454
1.7174174103659539
1.7172613305723985
1.7172613305723985
1.7173133570961454
1.7174174103659539
1.7174694371118449
1.7173133570961454
1.7173133570961454
1.7173653836940161
1.7173653836940161
1.7174694371118449
1.7174174103659539
1.7177815991425973
1.7174174103659539
1.7176255177940334
1.7174694371118449
1.7175734908259415
1.7174174103659539
1.7174174103659539
1.7177815991425973
1.7174694371118449
1.7174694371118449
1.7174694371118449
1.7176775448361923
1.7176775448361923
1.7173133570961454
1.7176255177940334
1.7174694371118449
1.7173653836940161
1.7175734908259415
1.7172093041226617
1.7174694371118449
1.7175214639318597
1.7172613305723985
1.7176255177940334
1.717157277746992
1.7172613305723985
1.7173653836940161
1.7173133570961454
1.7173133570961454
1.7173133570961454
1.7172613305723985
1.7172093041226617
1.7172613305723985
1.7172613305723985
1.7175214639318597
1.7172093041226617
1.7176775448361923
1.718041736204782
1.7175734908259415
1.7175214639318597
1.7174694371118449
1.7186660727075491
1.7173133570961454
1.7174174103659539
1.7176255177940334
1.7172093041226617
1.7173653836940161
1.718457959355078
1.7173653836940161
1.7174694371118449
1.7172613305723985
1.7172613305723985
1.7174694371118449
1.7177295719523613
1.7175734908259415
1.7177295719523613
1.7175734908259415
1.7175734908259415
1.7176255177940334
1.7174694371118449
1.7174174103659539
1.7174694371118449
1.7173653836940161
1.718874187245092
1.717937681157764
1.7182498471873942
1.717989708644268
1.717937681157764
1.7182498471873942
1.7177295719523613
1.718145791548011
1.7176255177940334
1.7176775448361923
1.7176255177940334
1.7187701298281581
1.7175734908259415
1.718457959355078
1.7182498471873942
1.7174174103659539
1.7175214639318597
1.7174174103659539
1.7173653836940161
1.718509987582138
1.717885653745384
1.7177815991425973
1.717885653745384
1.7173653836940161
1.7178336264069571
1.7174174103659539
1.7173653836940161
1.7175734908259415
1.7173133570961454
1.718301875118243
1.7172093041226617
1.7173653836940161
1.7176255177940334
1.718405931202085
1.7175214639318597
1.717989708644268
1.7177295719523613
1.7174174103659539
1.7174694371118449
1.7173653836940161
1.7178336264069571
1.717937681157764
1.7174694371118449
1.7176255177940334
1.7175734908259415
1.7177295719523613
1.7175214639318597
1.7175214639318597
1.717885653745384
1.7176255177940334
1.7177295719523613
1.718197819330726
1.7173653836940161
1.717937681157764
1.717937681157764
1.7172093041226617
1.7175214639318597
1.7174174103659539
1.7171052514453322
1.717885653745384
1.7175214639318597
1.7175734908259415
1.7177815991425973
1.7175214639318597
1.717001199064157
1.717937681157764
1.7172613305723985
1.7175214639318597
1.7174174103659539
1.7176775448361923
1.7175734908259415
1.7172613305723985
1.7177815991425973
1.7176775448361923
1.7173133570961454
1.7177815991425973
1.7173653836940161
1.7178336264069571
1.7175734908259415
1.7175214639318597
1.717885653745384
1.7174694371118449
1.7176775448361923
1.7171052514453322
1.7172093041226617
1.7173653836940161
1.7173653836940161
1.7176255177940334
1.7174174103659539
1.7172613305723985
1.7172093041226617
1.7174694371118449
1.7175214639318597
1.7175734908259415
1.717885653745384
1.7170532252177395
1.7173133570961454
1.7177815991425973
1.7176255177940334
1.7173653836940161
1.7173133570961454
1.7175734908259415
1.7174174103659539
1.7187701298281581
1.717989708644268
1.7173653836940161
1.7177815991425973
1.7176775448361923
1.717937681157764
1.7176255177940334
1.7180937638393061
1.7175734908259415
1.7176775448361923
1.717937681157764
1.7173653836940161
1.7174694371118449
1.7177295719523613
1.718197819330726
1.7178336264069571
1.718405931202085
1.718041736204782
1.7186660727075491
1.7176255177940334
1.717937681157764
1.7176255177940334
1.7174694371118449
1.7173133570961454
1.7176255177940334
1.7172093041226617
1.7174694371118449
1.7174694371118449
1.7174174103659539
1.7173653836940161
1.7172093041226617
1.7172613305723985
1.7171052514453322
1.7173133570961454
1.7171052514453322
1.717157277746992
1.7173133570961454
1.717157277746992
1.717157277746992
1.7173653836940161
1.7173653836940161
1.7174174103659539
1.7173133570961454
1.7172613305723985
1.7172613305723985
1.7172093041226617
1.7173653836940161
1.7175734908259415
1.7173133570961454
1.7174174103659539
1.7173133570961454
1.7176775448361923
1.7175734908259415
1.7176255177940334
1.7173653836940161
1.718041736204782
1.7176255177940334
1.717885653745384
1.7173653836940161
1.7172093041226617
1.7172613305723985
1.7172613305723985
1.7171052514453322
1.7171052514453322
1.7173133570961454
1.7178336264069571
1.7176775448361923
1.7177815991425973
1.7176775448361923
1.7176255177940334
1.7173653836940161
1.7176255177940334
1.7173653836940161
1.7174174103659539
1.7175214639318597
1.7175734908259415
1.7175734908259415
1.7174174103659539
1.7175734908259415
1.7173653836940161
1.7175214639318597
1.7173133570961454
1.7175214639318597
1.7174694371118449
1.7174694371118449
1.7173653836940161
1.7172093041226617
1.7173133570961454
1.7175214639318597
1.7175734908259415
1.7172093041226617
1.717157277746992
1.7173653836940161
1.7173133570961454
1.7173653836940161
1.7173133570961454
1.7172613305723985
1.7172613305723985
1.7173133570961454
1.717157277746992
1.7174174103659539
1.7175214639318597
1.7174174103659539
1.7175734908259415
1.7173133570961454
1.7173653836940161
1.7172613305723985
1.7174174103659539
1.7174174103659539
1.7172613305723985
1.7174174103659539
1.7175734908259415
1.7173653836940161
1.7174694371118449
1.7174174103659539
1.7177815991425973
1.7174174103659539
1.7177815991425973
1.717885653745384
1.7175734908259415
1.7177815991425973
1.7176775448361923
1.7175214639318597
1.7175734908259415
1.7175734908259415
1.7175214639318597
1.7177295719523613
1.7175734908259415
1.7177815991425973
1.7175734908259415
1.7174694371118449
1.7173133570961454
1.7176775448361923
1.7174174103659539
1.7180937638393061
1.7175734908259415
1.717937681157764
1.718197819330726
1.717937681157764
1.7174694371118449
1.7177295719523613
1.717885653745384
1.7175214639318597
1.7177815991425973
1.7174694371118449
1.7175734908259415
1.7172613305723985
1.718041736204782
1.718457959355078
1.718614044258345
1.718041736204782
1.718197819330726
1.718614044258345
1.718041736204782
1.718926216064574
1.718041736204782
1.7175734908259415
1.7175734908259415
1.7177815991425973
1.7176255177940334
1.717937681157764
1.718145791548011
1.7175214639318597
1.7174694371118449
1.7174174103659539
1.7173653836940161
1.718145791548011
1.7176255177940334
1.7173133570961454
1.7173133570961454
1.7172613305723985
1.7175214639318597
1.7175214639318597
1.7172613305723985
1.7172093041226617
1.7173653836940161
1.7174174103659539
1.7173133570961454
1.7174694371118449
1.7175214639318597
1.7173133570961454
1.7173653836940161
1.7174694371118449
1.7173653836940161
1.7173653836940161
1.7174174103659539
1.7173653836940161
1.7173133570961454
1.7174694371118449
1.7174694371118449
1.7173653836940161
1.7173653836940161
1.7173653836940161
1.7174174103659539
1.7174174103659539
1.7173133570961454
1.7174174103659539
1.7173133570961454
1.7174174103659539
1.7173133570961454
1.7174174103659539
1.7177295719523613
1.7173653836940161
1.7174174103659539
1.7174174103659539
1.7175214639318597
1.7174174103659539
1.7173653836940161
1.7174694371118449
1.7176255177940334
1.7174694371118449
1.7175734908259415
1.7176255177940334
1.7175734908259415
1.7176255177940334
1.7174174103659539
1.7175214639318597
1.7175214639318597
1.7175734908259415
1.7175214639318597
1.7174174103659539
1.7175734908259415
1.7174174103659539
1.7176255177940334
1.7175214639318597
1.7173653836940161
1.7173133570961454
1.7173653836940161
1.7173133570961454
1.7172613305723985
1.7174174103659539
1.7173653836940161
1.7173653836940161
1.7173653836940161
1.7173133570961454
1.7172613305723985
1.7173133570961454
1.7173653836940161
1.7172093041226617
1.7172613305723985
1.7173133570961454
1.7172613305723985
1.7172093041226617
1.7173133570961454
1.7172613305723985
1.7173653836940161
1.7172613305723985
1.7173653836940161
1.7172613305723985
1.7172613305723985
1.7174174103659539
1.7174694371118449
1.7173653836940161
1.7176255177940334
1.7174174103659539
1.7174694371118449
1.7173133570961454
1.7175214639318597
1.7172613305723985
1.7175734908259415
1.7173133570961454
1.7173133570961454
1.7174174103659539
1.7173653836940161
1.7172613305723985
1.7174174103659539
1.7173133570961454
1.7173653836940161
1.7174694371118449
1.7173653836940161
1.7174694371118449
1.7172613305723985
1.7173133570961454
1.7172613305723985
1.7173133570961454
1.7173133570961454
1.7175214639318597
1.7172613305723985
1.7174174103659539
1.7175734908259415
1.7174694371118449
1.7172093041226617
1.7173133570961454
1.7175734908259415
1.7173653836940161
1.7172613305723985
1.7173133570961454
1.7172613305723985
1.7174174103659539
1.7173133570961454
1.7173653836940161
1.7173133570961454
1.7172093041226617
1.7174174103659539
1.7173653836940161
1.7173133570961454
1.7173653836940161
1.7172093041226617
1.7173653836940161
1.7174694371118449
1.7172093041226617
1.7173653836940161
1.7175214639318597
1.717885653745384
1.7176255177940334
1.7177815991425973
1.717937681157764
1.7174174103659539
1.7176255177940334
1.7173653836940161
1.7174694371118449
1.7176775448361923
1.7175214639318597
1.7177815991425973
1.7175734908259415
1.7175214639318597
1.7175734908259415
1.7175734908259415
1.7175214639318597
1.7176255177940334
1.7177295719523613
1.7173133570961454
1.7175214639318597
1.7175734908259415
1.7174694371118449
1.7175214639318597
1.7173653836940161
1.7174694371118449
1.7178336264069571
1.7174174103659539
1.7174694371118449
1.7174694371118449
1.7186660727075491
1.7177815991425973
1.7175214639318597
1.7175214639318597
1.717885653745384
1.7176775448361923
1.7176775448361923
1.717989708644268
1.718197819330726
1.718145791548011
1.718457959355078
1.718197819330726
1.7183539031232158
1.7175734908259415
1.7182498471873942
1.717989708644268
1.7187701298281581
1.7186660727075491
1.7183539031232158
1.7176775448361923
1.7182498471873942
1.718041736204782
1.7178336264069571
1.7177815991425973
1.7176255177940334
1.7173133570961454
1.7176255177940334
1.7173653836940161
1.7176255177940334
1.7173653836940161
1.7180937638393061
1.7174174103659539
1.7174694371118449
1.7175214639318597
1.7176775448361923
1.7176775448361923
1.7178336264069571
1.717989708644268
1.7180937638393061
1.7176775448361923
1.7180937638393061
1.717937681157764
1.7176775448361923
1.7177295719523613
1.7178336264069571
1.7192383905369866
1.7175734908259415
1.7175734908259415
1.7173653836940161
1.717937681157764
1.717989708644268
1.7176775448361923
1.7175734908259415
