5.00367260441368
5.007304101896864
5.009630732236758
5.011787262406699
5.014000684516191
5.017803564067094
5.019563248201223
5.02075534364775
5.0212662543953
5.02120948615817
5.0212662543953
5.022004250038492
5.0245021994244325
5.025240264785566
5.024672520788613
5.028476585265821
5.02893083015465
5.029725773205882
5.027738450169352
5.025978346049726
5.0264325578094144
5.025183489962444
5.026546111690436
5.027057108813551
5.027284221092884
5.029498644737146
5.027852008379682
5.029101173541051
5.034950143731692
5.034325448787115
5.037221857771044
5.042504175462113
5.044833197995217
5.043526653653089
5.0484690620317
5.053866759714424
5.051821216245116
5.061936484349019
5.063925793242504
5.072964395279712
5.074783773577678
5.079105184729542
5.087067107823032
5.0867258445462085
5.090252395892321
5.09804622610045
5.10635401476361
5.112386961574259
5.114606898523505
5.11432228316886
5.117168543317405
5.118591762236235
5.124342169829049
5.123829718020659
5.126562883090571
5.1290684763589525
5.129011529018101
5.127986493102696
5.131631204882581
5.137497728937888
5.136928119365223
5.137839499237543
5.137440767553471
5.138750903410028
5.1408586186396406
5.141371325780597
5.141770103318379
5.139719296970952
5.13920661460935
5.138693939937355
5.13858001327668
5.138693939937355
5.137611651991449
5.13584588732607
5.134991517812523
5.132086821177381
5.125480979124575
5.119844243886462
5.114606898523505
5.1026550925292895
5.094461981469522
5.087920280906985
5.080242488896374
5.076773829347417
5.075068060174033
5.072452712559709
5.07137251860587
5.072793833523065
5.072964395279712
5.072793833523065
5.0704629080345285
5.068302679809392
5.066313116532342
5.063357407475962
5.060572453635416
5.057787726347897
5.051366667626098
5.034211869112255
5.0198470766878245
5.011276492994625
5.005488305049198
5.001913736159679
5.0000414917256535
4.9979991598975175
4.997091495927634
4.995162789801327
4.995616593243199
4.9979991598975175
4.999020310598155
4.999190505339641
5.003899561731998
5.009119994970376
5.012808824073829
5.013830416200335
5.014795281178976
5.015703414216659
5.014568251680657
5.014454737495555
5.014227710253692
5.013943928316962
5.013092596609056
5.012695315717792
5.012354792905853
5.011503500682181
5.009971227977076
5.0088930030734105
5.007417592394745
5.005715274393253
5.003388909879561
5.001913736159679
4.999814559956576
4.9979991598975175
4.997091495927634
4.995673319095886
4.995446416248399
4.993971584353233
4.993290914113061
4.992666978267266
4.991022110931908
4.990454933600745
4.9905116509115715
4.989774333191349
4.989377322526423
4.988866886999517
4.988072891287459
4.9873356260222295
4.986541665777338
4.986258113003487
4.985520886768086
4.984670260812436
4.983819655963202
4.983592831567989
4.983139187279562
4.982912367386518
4.981891696438481
4.981551479541849
4.9811545640963
4.980133945479508
4.9796803469579345
4.97990714546853
4.9802473460476335
4.979566948265301
4.9796803469579345
4.979396850929561
4.979566948265301
4.979623647564779
4.979056658789773
4.978603074521004
4.978036102623548
4.978149496252968
4.9778660128826
4.9774691401019595
4.977695923985493
4.9762785493230695
4.9766754083223645
4.975995081421786
4.974577777067793
4.974010871729945
4.973500664939706
4.973727422575848
4.971970090118361
4.9712898565719
4.970382899500635
4.970269531553413
4.972253524745554
4.9681156117662795
4.96913587269529
4.966585277286697
4.965791797404904
4.9655650922393875
4.965621768390292
4.964431588891671
4.965281712890089
4.965281712890089
4.967718851824941
4.965055011096581
4.965395064348741
4.966075180969369
4.964998335882285
4.965111686404441
4.963638158839501
4.964998335882285
4.965621768390292
4.964091545192957
4.965451740218668
4.966301889507008
4.964544937540495
4.964318240617445
4.967605492684925
4.9655084161821605
4.966301889507008
4.9665285995433806
4.966755311078657
4.966868667408335
4.966925345713719
4.968058931493658
4.96919255474802
4.968512376298349
4.969362601468674
4.9695326490324305
4.969362601468674
4.969305919134797
4.972536961715605
4.9711198002937635
4.971856716923526
4.972990465741191
4.972707025022373
4.974124252047716
4.974010871729945
4.975654923033687
4.977015576834958
4.977695923985493
4.977412444365427
4.977639227873908
4.97990714546853
4.980814354514678
4.980757653245973
4.983082482165685
4.982402028114052
4.983025777145485
4.98472696855282
4.985067216965092
4.9846135531659
4.9872222020042045
4.990341499260694
4.989490753675739
4.989660901103605
4.988980316459731
4.989037031330611
4.989320607092566
4.991986333934221
4.993120748665035
4.993461080405837
4.995049339879756
4.996070402693647
4.998623192821356
4.99873665457369
4.999303968970253
5.000608827722601
5.002083945271181
5.004240000527773
5.004523702107861
5.006963632658653
5.00860926531675
5.012922332805829
5.0117305098737575
5.0125818077377176
5.015079070167474
5.014625008914152
5.0150223121817135
5.017235943303945
5.016214249628774
5.017406228545383
5.019222657121134
5.021039182011236
5.022174558983181
5.022515179412835
5.023764149965416
5.0245021994244325
5.024956391610829
5.026773220581788
5.027511334878227
5.0279655669663725
5.029498644737146
5.029214736269296
5.029839338005047
5.030975006706456
5.032281072266699
5.034893352811309
5.035745226504957
5.035802018837899
5.037960197280256
5.038755349938867
5.039948113545222
5.041140918697124
5.042901802241886
5.043129019617652
5.046423841006174
5.045912554837173
5.047276001587193
5.050400771847308
5.05096894253478
5.051139395579639
5.051707578524599
5.053696293090638
5.0543213415275545
5.055230523261855
5.056594341137043
5.058071871815628
5.059947291055948
5.060970290312412
5.062050156028647
5.0635279222149165
5.064494188447384
5.067108927965421
5.06909853750318
5.070406058176502
5.073078103589808
5.072054742399644
5.069610170078818
5.070235509168924
5.067165772347266
5.065858375449295
5.063812115334144
5.062391173332344
5.061368131612937
5.060629287163351
5.060401953617827
5.060515620201841
5.060799788313261
5.061595471575004
5.06222066425579
5.062902705657962
5.062732194033401
5.063130055811939
5.063243731455202
5.063357407475962
5.06420998966513
5.064380508651311
5.065289957591062
5.065517323601625
5.066028902647474
5.066426802747117
5.066085745235682
5.066711019936065
5.066654176309498
5.067279461394094
5.066085745235682
5.065631007173238
5.065744691122518
5.065517323601625
5.065687849100698
5.064892070706662
5.065915217754309
5.063186893586419
5.059833626358966
5.055855599710526
5.053241719576704
5.051821216245116
5.051593941181295
5.0507984903384795
5.050230322479649
5.049548533494146
5.049775794980803
5.048014557912836
5.047276001587193
5.045458084651557
5.046480651051809
5.044549162375688
5.041254521354688
5.039777716200831
5.036256360892196
5.032337858855669
5.030918222377068
5.028817268367732
5.026148674753813
5.023934467659899
5.022174558983181
5.021039182011236
5.018768540948258
5.017973852129842
5.016781853464522
5.0138871722115255
5.0121277795781225
5.011219741307684
5.004580442705787
5.000552093700264
4.995219514902999
4.991192265961388
4.986087982464994
4.982969072219134
4.982798958002718
4.980020545286436
4.9787731679185185
4.977355748722687
4.9767887974515475
4.975711615863986
4.974124252047716
4.974294323227184
4.9730471541661245
4.9730471541661245
4.973443975764951
4.969759380429252
4.969816063512667
4.966755311078657
4.966641955123691
4.966641955123691
4.967152059871864
4.96732209647422
4.969079190736238
4.968228972592783
4.969362601468674
4.969249236894541
4.969305919134797
4.968512376298349
4.968455695369755
4.967832211339783
4.969419283896173
4.969702697439516
4.970609636519555
4.9714599136934225
4.972366899252506
4.9714599136934225
4.972140150613541
4.971970090118361
4.973103842684793
4.973387286683931
4.97616516188134
4.976221855555366
4.977582531856228
4.97990714546853
4.984953800452388
4.988469886844598
4.991759455493423
4.994198477437294
4.996013676183736
4.998169349568116
4.998282809818022
4.999190505339641
4.998396270443436
4.998453000897086
4.999757827249141
4.999077042084707
5.000665561838844
5.000722296049048
5.000325158550083
5.002537840368348
5.003445648598472
5.002594577678224
5.003842822261447
5.005261337208424
5.007133866854929
5.007758066143538
5.010595478955736
5.010595478955736
5.0142844669231295
5.014738523663311
5.017235943303945
5.020244440519718
5.020187673975897
5.02092564638366
5.021550096991916
5.022799032357966
5.02234486877461
5.021833941940486
5.022571949813653
5.02421833236599
5.0245021994244325
5.025524140312768
5.025524140312768
5.027624892335496
5.028760487615386
5.028590145923317
5.030407167648775
5.030180034661669
5.031145360259529
5.031202144965448
5.031599640543334
5.031769997203185
5.03211071306481
5.03125892976567
5.031542855178316
5.0339279215729675
5.03279215495661
5.031940354710343
5.0318267829447905
5.031713211555768
5.033530398972971
5.032394645538716
5.032508219187321
5.032451432316009
5.032394645538716
5.032735367614464
5.032451432316009
5.03364397638785
5.0332464570834645
5.0339279215729675
5.0339279215729675
5.039152933191758
5.037505832621548
5.0384145679673225
5.038641755571518
5.039152933191758
5.038016993286419
5.037051473990971
5.036597121388354
5.037733014197329
5.037960197280256
5.038300974730362
5.040516110816895
5.040970515417428
5.042901802241886
5.043242628870814
5.043697069653149
5.0471623789511
5.052162131669661
5.052559870622133
5.0556282978632225
5.056480687572218
5.059549466267811
5.0607429545022455
5.06085662221858
5.061879648650745
5.062675357013916
5.061652306801477
5.06250484652179
5.06278903114719
5.06375527652159
5.065687849100698
5.065687849100698
5.066597332777235
5.068871147702339
5.069439625037148
5.069780715970296
5.0695533216372155
5.070576608033889
5.073703506048162
5.073987783671043
5.076375808935381
5.07711499338518
5.078422820372396
5.078252231409124
5.080526820844227
5.080640554284912
5.080981756875019
5.08081115515472
5.081948516023431
5.08314278562375
5.083029043865963
5.084735209933797
5.084905831219885
5.0852470763443876
5.085360825475618
5.085986452456382
5.086953353019226
5.085872701245364
5.087408374503639
5.086384584673112
5.0844508430144515
5.083882116265556
5.084280223997212
5.084621462882467
5.085190201920625
5.086100204045579
5.086100204045579
5.087294618565295
5.0934379805465255
5.090423044693807
5.091276301469065
5.091902036629278
5.093153541285233
5.093665533658395
5.094177533694108
5.095087774900662
5.094006866164136
5.094177533694108
5.094917102829584
5.095087774900662
5.0951446657802535
5.094746431609963
5.095656687953863
5.096168717791272
5.098444498686604
5.098330706045942
5.0993548534393085
5.098956570253904
5.100549730820433
5.100606630784455
5.101004933182821
5.100379031496232
5.100379031496232
5.100834231587044
5.101232536635621
5.101858453940167
5.102370576617545
5.101687748084828
5.101061833904055
5.100208333023886
5.100265232420043
5.100379031496232
5.099980736385874
5.099696242717698
5.099070364976512
5.098387602318951
5.099525547652661
5.098728981944305
5.099184160077755
5.098956570253904
5.100379031496232
5.100663530843121
5.101061833904055
5.101915356081179
5.10157394465466
5.101004933182821
5.101858453940167
5.102142965592066
5.102256770915517
5.102086063072363
5.101630846322394
5.103337940373478
5.103906990657265
5.102768899556679
5.104020801850027
5.104362237700741
5.105215842239318
5.105102027069961
5.105443473714217
5.110337916899766
5.1081751695875255
5.107549136679097
5.109427269782998
5.110850166559089
5.109882590310406
5.11517613633913
5.11398074787013
5.113297687505224
5.113183845437504
5.113183845437504
5.113866903528503
5.114777668873273
5.114720745328611
5.1146638218787075
5.116428492888474
5.117567038643813
5.116371566595831
5.114834592512693
5.115688458474949
5.1177378237767925
5.1177378237767925
5.1174531823623965
5.118420972838294
5.117054688362828
5.118648692225065
5.117680895304318
5.118876413128362
5.1205843682443515
5.1214383777953
5.121836922885393
5.122406281072642
5.122463217412815
5.122178536660044
5.123772779404931
5.123431149701844
5.124342169829049
5.123601964126749
5.124057473431776
5.123658902457919
5.124057473431776
5.122690963721595
5.122690963721595
5.121836922885393
5.120755168448227
5.119331859484532
5.116997761027676
5.115005363999501
5.111760851565066
5.1087443003574435
5.107947519931315
5.104817490803612
5.100948032556232
5.098387602318951
5.097647958151185
5.094746431609963
5.093551756913314
5.092300237690154
5.091503840203188
5.091276301469065
5.08968357270146
5.088773475266407
5.088318435627002
5.087522130820332
5.0852470763443876
5.082972173128837
5.082517210634649
5.081095491827796
5.081095491827796
5.079844428138358
5.081436698954292
5.0787640008501285
5.078024780780822
5.077967918360002
5.075181775473823
5.074670059600294
5.073476085650043
5.073419230786669
5.073419230786669
5.072736979792978
5.071429370069325
5.070974561006324
5.070917710298318
5.069610170078818
5.069155385189447
5.068302679809392
5.067961603605454
5.066369959592578
5.066995239485038
5.067052083677993
5.065972060153683
5.065801533238698
5.061709142122197
5.062732194033401
5.063584760650031
5.062391173332344
5.064153150191885
5.0621638280857155
5.062106992010001
5.061197627632282
5.060060956130258
5.059776794152015
5.057787726347897
5.058071871815628
5.0576740688212
5.057333098505069
5.057219442487735
5.057219442487735
5.056310207932654
5.057276270449279
5.057105786847728
5.0581287011921745
5.056480687572218
5.058810661069515
5.057730897537397
5.058583339601
5.0585265094696865
5.057389926655276
5.058583339601
5.058015042533441
5.0581287011921745
5.056878476699637
5.057162614620552
5.056878476699637
5.0593221398931405
5.05670799507908
5.056935304095191
5.05670799507908
5.05670799507908
5.057446754899786
5.057446754899786
5.058299189887919
5.058015042533441
5.058242360228348
5.058924322369876
5.059776794152015
5.060174621582007
5.062334336879076
5.061993320141653
5.062106992010001
5.060458786862682
5.062391173332344
5.062050156028647
5.062277500520224
5.061879648650745
5.06222066425579
5.061368131612937
5.061140793160689
5.062277500520224
5.062732194033401
5.061368131612937
5.06068612078559
5.06085662221858
5.06085662221858
5.061027124500754
5.062334336879076
5.061140793160689
5.061140793160689
5.06250484652179
5.063130055811939
5.061595471575004
5.062050156028647
5.061879648650745
5.063130055811939
5.064721549172077
5.06420998966513
5.064039471528474
5.06420998966513
5.064721549172077
5.065062593090772
5.065176275152112
5.065972060153683
5.06625627356658
5.066483645996129
5.066654176309498
5.067393150818589
5.069155385189447
5.069041689911387
5.068871147702339
5.070690308411031
5.071713628802854
5.071429370069325
5.072168447687488
5.072054742399644
5.073760361383847
5.074613202753369
5.07364665080695
5.073760361383847
5.075636640451592
5.07449948934277
5.075011202665792
5.076489528580794
5.077285576679458
5.077001271661288
5.077342437966536
5.076830689784231
5.078422820372396
5.079332642539043
5.0799012936774375
5.0809248895404835
5.081891647082216
5.0823466012587915
5.0828584319381775
5.083313398969381
5.0839958608590905
5.085815825781708
5.085702075137874
5.085986452456382
5.087294618565295
5.089399164652377
5.090309278731695
5.09013863049762
5.093096653716714
5.09241401027316
5.094689541392711
5.09707901198135
5.100151433722431
5.101232536635621
5.102029160647305
5.103281035865791
5.104419144007238
5.105443473714217
5.107435313744986
5.109654929288979
5.109370355143255
5.110337916899766
5.112273122538113
5.112330042008807
5.11398074787013
5.115346909531581
5.116030010829604
5.116883906641704
5.1180793966015585
5.117510110455726
5.117794752343912
5.118420972838294
5.1174531823623965
5.116940833787339
5.117054688362828
5.117054688362828
5.11836404322861
5.117965538614158
5.11870562230871
5.120641301550847
5.122406281072642
5.122577090377547
5.122463217412815
5.122349344827285
5.122292408676799
5.121609182265104
5.121153705575011
5.1214383777953
5.122064665022606
5.122690963721595
5.122349344827285
5.123203398462806
5.122804837444789
5.123658902457919
5.123032586029069
5.123601964126749
5.124740748767863
5.126107340405781
5.127189264192907
5.127815656771361
5.127303152898946
5.128442060826501
5.1298657490914366
5.130947791825577
5.131972916534323
5.132485490416457
5.132941118096937
5.1331689342144955
5.133681526029989
5.133909347081783
5.134194125531678
5.133681526029989
5.133624571004248
5.133225888481093
5.132257678853364
5.131688156587359
5.131118643809032
5.130492190710754
5.130207443097163
5.130036595667434
5.129581006695446
5.129467110401151
5.1300935447157485
5.131061693053027
5.130719990509192
5.131004742391838
5.132086821177381
5.1287837406032395
5.124000534436732
5.113923825651966
5.107150758067121
5.101630846322394
5.097306589313746
5.093153541285233
5.092470896706516
5.092300237690154
5.090309278731695
5.088716594980497
5.085986452456382
5.086555214184273
5.087010230373835
5.089342283326346
5.091048764248285
5.0916744952468775
5.090252395892321
5.087579009120475
5.083654628212798
5.070917710298318
5.068814300488214
5.058583339601
5.042674586373778
5.0352908912315115
5.0291579548580785
5.026716443217765
5.025751242428328
5.022288098750039
5.020414740715864
5.017973852129842
5.018655012845613
5.017008897631911
5.013149351398113
5.013773660282993
5.00991447845206
5.007133866854929
5.003615865319034
5.000665561838844
5.000495359771776
4.999701094635498
4.999928025653276
5.000835764751173
5.000949233828976
5.002367629002379
5.003729343602345
5.004296740655889
5.00764457451811
5.009063246855192
5.009971227977076
5.011503500682181
5.0121277795781225
5.006850143664337
5.005885502387912
5.0052045954831215
5.013830416200335
5.020471507636046
5.019336187104955
5.022969345254069
5.025297039702764
5.025240264785566
5.022061019592627
5.018598248935348
5.0180873779752915
5.025524140312768
5.024104786201349
5.024048013260085
5.025580915700516
5.029044392318156
5.0299529031806856
5.0279655669663725
5.0256376911823395
5.022912574194606
5.020698576257303
5.017406228545383
5.015589896270569
5.0150223121817135
5.014852038788604
5.011503500682181
5.009176743179637
5.007304101896864
5.005658531916254
