585.2845930884835
585.2516926700833
585.2171656044818
585.1731782200313
585.1645613303994
585.1130425031399
585.0985810363535
585.0791788192514
585.0444717788348
585.0133201529774
584.9769263937457
584.9489684157395
584.9346280065567
584.8972706416243
584.8803394410631
584.8422595016536
584.8135189704742
584.7798379384935
584.7544115524253
584.7028964011967
584.7028361436718
584.668191711246
584.6343909968829
584.6123393136362
584.5658864300882
584.5573309828071
584.5108785477989
584.5058176015407
584.4720178525055
584.4543046771367
584.4086965435674
584.3909835594624
584.3826090372057
584.3307360056494
584.3139871028905
584.3047090165168
584.2751277379762
584.2624157013805
584.2276535824988
584.2024102940858
584.2024704734723
584.1651783975834
584.160901023761
584.1383086723031
584.0942695622815
584.0858352540098
584.0623395896507
584.0561347978934
584.0308320745594
584.0357723152115
584.0052888873118
584.0053490248621
583.9706486938919
583.9672149112333
583.9619740702713
583.9364313241632
583.9390216526434
583.9296239609671
583.9102256173384
583.8755259376877
583.8954671768795
583.8928769024388
583.8582975102181
583.8495032261056
583.8579972357953
583.8578171167571
583.8409491971177
583.8205876986437
583.8381188928744
583.8314317585215
583.822937814677
583.835468688964
583.8353486826868
583.8529999834203
583.8199876321981
583.8201076150749
583.8367955036492
583.836855489714
583.8267347693862
583.8365555974083
583.8283015868985
583.836735521387
583.8348088426161
583.8552302411102
583.8543268694606
583.8543868444656
583.871254800389
583.8882427675242
583.9036039870286
583.8882427675242
583.9145682453247
583.9145682453247
583.9290261547891
583.9433640975204
583.9484845634997
583.983124494065
583.982341094469
583.9915586516871
584.012040766543
584.0255354915485
584.0510182920802
584.0484279781327
584.0511383827633
584.1001172886993
584.1062014951442
584.1061414316296
584.1495171117913
584.1672293619238
584.158191882051
584.2010272172656
584.2012075045574
584.2218109391176
584.2615133351713
584.2698877676382
584.2953719151753
584.3175425053391
584.3429066201029
584.3598361468529
584.3859236020216
584.4079742744158
584.3986960401477
584.467921581461
584.458643252342
584.4808145885053
584.5270861901203
584.5448597657622
584.561669531671
584.604868680624
584.6133037352034
584.6479477813795
584.6648180266347
584.6994623814613
584.7189235427813
584.7618830795133
584.7738128906647
584.7992392514831
584.8328000183272
584.8499116619596
584.889377523452
584.901367834886
584.9309522999614
584.943665822044
584.986928182433
585.0272987017746
585.0373010195431
585.0711642791564
585.0957484127717
585.1141866061422
585.1547989945029
585.1733578714417
585.205414251625
585.2224066172741
585.2485580806249
585.2756135266449
585.3168898734639
585.3169501391488
585.3254464879312
585.3691937584745
585.4107721223802
585.4367435989602
585.4283676314626
585.4630768457658
585.4959181622173
585.53062778506
585.5230350475762
585.5475608593573
585.582270812229
585.5999873942126
585.6412057000164
585.6419890630015
585.6496422454937
585.701165731397
585.7020093940232
585.7374433337925
585.7535333442521
585.770406770466
585.7880636187202
585.7973440516329
585.8227146999039
585.8481457723016
585.8480854620733
585.8894864196062
585.8735166526626
585.9063602368507
585.9079873098474
585.9266088815589
585.9663229960543
585.959513078145
585.9934421256025
586.0076041587034
586.0110393033669
586.0195367018375
586.0262863725418
586.0625659855139
586.0642534148286
586.0347234718341
586.0880584664519
586.0534057880009
586.0676886008162
586.0973997121168
586.0973997121168
586.1160219140967
586.1057162416163
586.097339374235
586.1397668812056
586.1327757025282
586.1201801847691
586.1227113538539
586.1286174192919
586.1394048375906
586.1284364152273
586.1454315858899
586.1284967461164
586.1435631396495
586.1378380525997
586.1269299714173
586.1201801847691
586.1537481900579
586.1715871646136
586.1286174192919
586.1353672156392
586.143623467032
586.1294008049058
586.1202405268934
586.1225303501338
586.1354275580597
586.1014976393718
586.1031850799053
586.0946875518513
586.0870337580435
586.0583474143477
586.0863710302484
586.0861900400514
586.051597706788
586.0432209086756
586.0599142023418
586.0431605832489
586.0431605832489
586.0177286469075
586.0177889642407
585.9848241240749
586.0109186727648
585.9849447612584
585.9596337143428
585.9511967229506
585.9593924571506
585.9180513183918
585.9079270022532
585.9164845504762
585.8896070530757
585.8734563381397
585.8910531808151
585.8826162882821
585.8733357204973
585.8548349354969
585.8048165518405
585.8225940994355
585.8049371440173
585.8142176036016
585.7710695510557
585.7880636187202
585.7535333442521
585.7373830371179
585.7188223756906
585.7194851746647
585.7187620831795
585.6847744476167
585.675614749895
585.6680821089641
585.6680218250406
585.6165589265225
585.6333114031997
585.6241517848205
585.5639514836844
585.5818488098881
585.5479825553725
585.5640720132847
585.5311097697976
585.5311700358578
585.5309892490814
585.5141767707868
585.479587812042
585.4962194410546
585.4954360544666
585.4699463955363
585.4532545605554
585.4269817002686
585.436020633576
585.4277048522879
585.4014923637106
585.3940202564689
585.3768467891713
585.3937793473109
585.3600949353719
585.3414150322701
585.3346661504396
585.3759429597841
585.3412946101357
585.3429818317396
585.3066464694194
585.2906781874943
585.3158659383168
585.2645867477956
585.2663341588733
585.2822421594849
585.2559099499772
585.2456663976424
585.25506635165
585.2456663976424
585.2388574419487
585.2212021385218
585.2220457319656
585.221141954493
585.2127060268749
585.2131284383602
585.2124653294314
585.18727796142
585.1948100905876
585.1869771395925
585.2030654982209
585.1937860075966
585.2021617504996
585.1946295970475
585.1946295970475
585.2029451878719
585.2374723579348
585.2035482034718
585.1868568374687
585.2129479893496
585.1944491377175
585.2187929949241
585.2280123860888
585.2282529631459
585.2204801810573
585.2457278923177
585.2371716642199
585.2206004692898
585.2541638664538
585.2719395910187
585.2700118553687
585.2624194578142
585.2894748220912
585.2913424364706
585.2894748220912
585.2979709912626
585.3417784459645
585.3233393116515
585.3232791750341
585.3419588569009
585.3402114951078
585.3662432041871
585.3916719541471
585.3924554340234
585.391611816199
585.4261401115814
585.4344560862534
585.4522323425508
585.425236357922
585.4850737382922
585.4942935637571
585.4936904530648
585.5281592148734
585.5282193478815
585.5798017334306
585.5544323024317
585.5714254365969
585.5796213199977
585.6221645758004
585.6304206405154
585.6387970246983
585.6820039420611
585.6733267716136
585.6985764369915
585.7155098350715
585.7332869529038
585.7511844299908
585.7671540187035
585.7757712126931
585.7842079488165
585.818858858938
585.8372393453126
585.8618264899766
585.8898486846134
585.8889448210174
585.8890049952513
585.9228128429654
585.9229332117544
585.9558373777356
585.9844630238554
585.9829561918198
586.0065799188679
586.0259851943337
586.0346029016343
586.0515975585768
586.0625056188584
586.075281782551
586.1183114640487
586.1125860946224
586.1294003174982
586.1632698416593
586.1524821090283
586.1702606609946
586.1899075270867
586.2052152826244
586.2067219378697
586.2328777850345
586.2582502749515
586.2736184904402
586.2415562767231
586.2728350300351
586.2931452254106
586.3133349136212
586.3161073442003
586.3220136035692
586.3252680143356
586.3582950414474
586.358415655186
586.3616700703197
586.3837284200085
586.4072934558988
586.4267000605265
586.3964451566472
586.421758085637
586.4269413237357
586.4411647384272
586.4539419259265
586.4523147104494
586.4437563637232
586.4523750400465
586.4901638578865
586.4819674174853
586.4675025996709
586.4869094041762
586.4414663663435
586.5038452690885
586.518129180785
586.4930571800196
586.4700942483025
586.4758800066226
586.5348841538005
586.501072636401
586.5038452690885
586.4952868386347
586.4869094041762
586.4867284361661
586.5037246116885
586.4733486854359
586.4792551032342
586.4732280444225
586.4868490777058
586.478290687689
586.4613549125326
586.481484852116
586.4559907685397
586.4694911199065
586.4215771556296
586.4263985670327
586.4299545198157
586.3960833337973
586.3927685794788
586.3730003813627
586.3782437739801
586.36389987484
586.3360559353558
586.3529310344325
586.3273773005158
586.3095982594939
586.3272567715785
586.2928438209166
586.2496320610604
586.2496320610604
586.2495115503499
586.198344860326
586.2065411572147
586.1785774653463
586.138199013714
586.1548927996516
586.1610398953619
586.138199013714
586.1044501004419
586.1127668127907
586.0655788401158
586.0318303445574
586.0011556783066
586.0011556783066
585.9818107127114
585.9480626998784
585.9310080928421
585.9049740370984
585.8619459182353
585.8720099298248
585.8533284117384
585.8280179387315
585.8213889309234
585.768116920638
585.7513037180883
585.7081563049677
585.7007439765248
585.6657324937861
585.6396393692785
585.6396995652566
585.5889601854477
585.5470188100765
585.5376785733105
585.5124898675192
585.4524114688229
585.4609681374532
585.4531347146087
585.3922735426967
585.384198503911
585.3512975397089
585.3071289267442
585.3081530896806
585.2719383412217
585.2128865898699
585.2210817742674
585.186675098809
585.1612471309239
585.1165373088637
585.1108128205155
585.0498949986211
585.0397120055492
584.9873508948235
584.9569226546967
584.9721066710835
584.9442693377106
584.9174561975008
584.9104069706707
584.8691333893094
584.8436466996881
584.8184608852497
584.7899010666836
584.7348311688996
584.7406756915925
584.698559773585
584.6723506242231
584.6554803596515
584.6521063125554
584.5811315006481
584.586192510727
584.5440175600811
584.5355224774389
584.5009994226215
584.4956979963904
584.4443656276754
584.4324967772448
584.4103860062532
584.3892390226238
584.347125592329
584.3504393613872
584.3083863145914
584.2997713953864
584.2820587449154
584.2449466982213
584.2448265163891
584.2134385993833
584.197292960198
584.1714465722147
584.188135202746
584.1846412832829
584.1409024875742
584.111262095
584.1028878315823
584.0976470488486
584.0861393515262
584.0742111974175
584.0688503345123
584.0512584886493
584.0260759122868
584.0403540318831
584.0174615300784
584.0174615300784
583.9887853143962
583.9887252645693
584.000593150942
583.9827012672974
583.9692066404147
583.9861349710442
583.9658329885416
583.9523984419674
583.960712476491
583.952338400448
583.9436641712425
583.9571587388931
583.9439042986454
583.9521582987009
583.9522783627324
583.9379403971599
583.9461944003131
583.9354101715775
583.9690265376828
583.9521582987009
583.9462544265115
583.9462544265115
583.9631226485246
583.9519782311663
583.968786453926
583.9602923177595
583.9907152353798
583.9689665110416
583.983004474437
583.9803542252886
584.0057767269486
584.0286090766236
584.0337296216185
584.0286090766236
584.0573454971442
584.0587923190708
584.0681900201398
584.0935529057269
584.1103615399517
584.1187958802775
584.1271102226873
584.1568705881451
584.1701256070464
584.153556847444
584.1836806987819
584.1954289215938
584.2215757945686
584.2427220726702
584.2636884138182
584.2720029813848
584.29827018868
584.3016440312833
584.3236340586217
584.3657474092449
584.3707482318002
584.3918950407699
584.408764542283
584.4297914859482
584.4602768271715
584.4600968211646
584.5065486043251
584.5243219312935
584.5284793939495
584.5631827405113
584.5750517430538
584.6086718268712
584.6221679226574
584.6390380860265
584.6936264484549
584.6988675509442
584.7132673808965
584.7410436010192
584.7561070491047
584.772977596974
584.8245530742402
584.8387131989997
584.8757689954102
584.8775760760299
584.9011353462049
584.9290324634386
584.9627746016923
585.0022418699166
585.0293558928767
585.0209202445267
585.0538193416456
585.0816571832235
585.0967815168949
585.115280203179
585.1416111725987
585.2007221890644
585.183790403162
585.2266335253809
585.2433254531857
585.2681497734909
585.2858053886017
585.3210567925855
585.3464250636825
585.3539575708957
585.3895093829024
585.4064417561469
585.4409102548658
585.4576027859956
585.4831516376828
585.4912879728105
585.5176205926525
585.5514861176412
585.5514861176412
585.5775790255476
585.5943919326425
585.6199414155565
585.6628477151727
585.6713442962905
585.6879774544311
585.6797208687675
585.7135873476476
585.7311842867399
585.7399210522558
585.7661948718062
585.791385000298
585.7990381118718
585.8082585240844
585.8421257863604
585.8414622364309
585.8673762724278
585.8843100520987
585.9020875755671
585.8935906312349
585.9443923685178
585.9469234600714
585.9454162381514
585.9697633873507
585.9869377543808
585.9986294668144
586.0053190430199
586.0223133199295
586.0138161733478
586.0241809708286
586.0223733941561
586.0461174335924
586.0411152516739
586.056845388509
586.0731763561191
586.0756474167343
586.0952331876255
586.0936058487557
586.0909545007602
586.0843249521798
586.1019829416126
586.1106004526425
586.1106004526425
586.1107206767392
586.1106605627899
586.1291623438724
586.1277754871863
586.1206650067676
586.1276552396229
586.1360924803765
586.1191578930813
586.1190977789665
586.1277754871863
586.1279558870417
586.1192781327137
586.1252443172277
586.1278957499547
586.1193382582312
586.1127087459703
586.1083097534064
586.1193983875509
586.1110814402662
586.0998124311598
586.0873370274574
586.1024037114981
586.0832988491256
586.1025239656782
586.0571436759773
586.0595545413595
586.0526244514595
586.0400288986423
586.0267099338097
586.0401491579929
586.0333393430202
586.0217078207932
586.0057375274407
585.9962162230267
585.9886830170624
585.979522557751
585.963371965698
585.9627086788694
585.9717488404514
585.9568027830882
585.9448707308997
585.9119666306294
585.9127501903073
585.8865356487721
585.8604414809139
585.8782190270309
585.8620687232531
585.8528483198976
585.8426639927546
585.818257377313
585.8012635706839
585.8099408585489
585.8004198941616
585.7751697774603
585.7667931813561
585.7668533114116
585.7507634419667
585.7151490721628
585.7151490721628
585.6729059006078
585.6982758123806
585.6815228388748
585.6645294382981
585.6562131118824
585.6392799011973
585.6140304760225
585.6131267069356
585.6139703565448
585.5961936248766
585.587757159862
585.5795010633817
585.5710646221206
585.5277984966564
585.5364152179284
585.5111662377631
585.5111061164896
585.4933898104015
585.476396957843
585.4680207778097
585.4595844969011
585.4513285884398
585.4343358428921
585.4249357599266
585.4249357599266
585.4164995410085
585.4079431222827
585.3986633091736
585.3920946860601
585.3650388681386
585.3650388681386
585.3574463480322
585.3574463480322
585.3397305059738
585.3397305059738
585.3229785489641
585.3304508005174
585.3049021868235
585.3143621468718
585.3160493603152
585.3056256145574
585.2712181689012
585.2796541788127
585.2890540034118
585.2643491861638
585.2729053699129
585.2710979851009
585.2544062827233
585.2542860919774
585.2457299433867
585.262842268553
585.2541659164358
585.245850118599
585.2389811736748
585.2457299433867
585.245850118599
585.2392215387789
585.2372939824588
585.2541058343678
585.2541659164358
585.2557930303986
585.2556128069053
585.2557930303986
585.2624817409451
585.2557329520994
585.2709778165058
585.2702543848097
585.2808607367043
585.2700741376685
585.2724847929069
585.2984562752471
585.2878498471362
585.3137012312931
585.3220772409614
585.3211735766346
585.3128576249343
585.3220171841738
585.3481690779973
585.3472053635435
585.356605197631
585.3639575232446
585.3820938145377
585.4063184956021
585.3894461257358
585.4069819742407
585.407342290711
585.4239144376074
585.4415104468999
585.4583229291375
585.4592866334524
585.4921281490074
585.50146814968
585.49188802263
585.501288037247
585.5266571251498
585.5265970909815
585.5263569923229
585.5780591700503
585.5696227327327
585.5872792335522
585.6116849803058
585.6125286295215
585.6287380847053
585.6454310434699
585.6630877788547
585.6715243502472
585.6798408936626
585.7231677894544
585.7229876982752
585.7228676564996
585.731484382499
585.7568544591871
585.7745715563988
585.7987980071989
585.8082585240844
585.8182626085398
585.8409819596826
585.8435730278045
585.876356695818
585.8603866796009
585.9017874061894
585.8948578278524
585.909984252785
585.9260744336856
585.9614496886654
585.9522890308546
585.9607260175883
586.0036348086036
586.0130956267684
586.0062259385386
586.0465439268083
586.054981048669
586.0719753461212
586.0812562212037
586.0746265250818
586.1091589495752
586.1089189119638
586.1343505947585
586.1343505947585
586.1370017954121
586.140436714303
586.1775007159501
586.1858780096226
586.159722387753
586.1943153318529
586.1858179968235
586.2289084797548
586.2289084797548
586.2372258400158
586.2374058814181
586.2544607628505
586.2628381544408
586.2630182543504
586.2977318958914
586.2806168076969
586.2977318958914
586.2892944244342
586.2977919450746
586.2918256645983
586.312075625191
586.3121356746548
586.3241283560391
586.3326860117927
586.3266596113122
586.3291908676765
586.3580587241486
586.3463663026494
586.3496211654611
586.3413037759688
586.354863941315
586.3634817845739
586.3467268656891
586.3669770184218
586.3611909353125
586.3555251217232
586.3554048728893
586.3303928899625
586.3390108573345
586.3532945419703
586.3390710099333
586.3451577712236
586.3230998636105
586.3309342960839
586.3343093081745
586.3285835752718
586.2965210691162
586.3118289265465
586.3000164373966
586.2915187700224
586.303873087952
586.2885651894907
586.2613847304177
586.2633732759716
586.2463177905703
586.2441478953041
586.2268515791441
586.2287799077725
586.2229941922028
586.2102779189514
586.1699594394562
586.152241140779
586.1724303963924
586.142056190321
586.1376568889797
586.1209630841055
586.1142735379394
586.089082413162
586.0798015205665
586.0450285291298
586.0265271285003
586.0264668983887
586.0095927395444
585.9749406402093
585.9749406402093
585.9647560067149
585.9235955118711
585.8964769024146
585.8991284258233
585.8720701531286
