# nJobs | nMachines 
50 20
# m1 | m2 | m3 | m4 | m5...
33    31    31    34    31    31    32    34    33    30    30    34    34    32    30    33    34    34    32    33    
22    23    22    22    28    25    19    22    21    27    20    25    23    25    26    21    22    18    27    25    
18    18    17    19    19    17    17    18    19    17    19    18    17    18    19    18    17    19    17    17    
17    16    18    20    16    21    20    20    22    22    16    17    16    19    19    22    17    17    21    22    
10    5    13    13    13    14    10    5    15    5    15    9    8    7    15    8    8    7    13    13    
32    34    31    36    36    32    36    34    36    33    35    34    34    33    32    32    31    30    33    37    
34    33    36    33    36    37    37    33    37    36    36    34    37    34    36    34    36    37    36    36    
33    28    25    28    30    29    25    27    31    29    31    35    28    34    33    31    33    29    31    33    
17    17    19    17    16    13    21    20    16    20    17    11    13    21    16    19    21    11    16    15    
8    8    11    13    10    15    13    12    11    13    8    11    6    7    15    14    14    12    11    13    
33    33    33    32    31    32    31    31    32    31    31    32    32    31    33    31    32    31    33    32    
37    35    35    35    36    36    36    35    35    37    37    35    37    36    37    36    37    36    35    35    
31    32    32    25    32    27    29    32    31    32    29    30    30    27    24    24    28    28    26    26    
16    17    17    14    16    14    15    18    17    14    16    17    16    18    15    17    17    18    15    15    
21    20    18    22    20    21    18    19    18    22    20    22    21    21    22    21    19    22    18    21    
23    26    23    23    24    25    21    26    21    21    22    24    20    22    21    22    19    20    21    23    
33    30    31    32    34    30    30    33    34    30    33    33    34    31    34    34    32    34    30    30    
19    17    16    18    18    15    16    17    18    15    19    15    15    18    18    19    20    17    18    21    
33    31    33    31    35    36    36    33    30    33    30    31    30    32    32    30    36    34    31    35    
26    24    19    22    21    24    23    22    22    18    19    18    19    20    18    23    19    20    24    25    
20    18    18    17    22    20    22    17    19    17    19    22    16    22    16    17    18    16    16    16    
29    29    30    32    30    31    34    33    28    26    26    28    31    26    33    29    33    28    29    26    
32    32    36    33    33    34    36    32    35    33    33    36    34    34    32    34    32    36    32    36    
34    35    35    34    34    34    34    35    36    36    36    36    36    34    36    36    36    34    34    34    
7    13    10    13    7    7    10    7    13    11    12    14    6    9    11    13    7    6    7    12    
29    29    30    30    27    31    31    23    27    25    28    24    30    23    31    28    26    31    25    23    
26    27    27    32    29    33    28    31    27    25    31    31    27    26    32    33    32    27    28    26    
32    31    29    30    26    28    32    27    26    26    26    31    29    27    29    32    28    28    26    29    
31    29    30    31    30    30    30    29    29    31    31    29    31    29    30    31    31    31    30    29    
31    28    30    31    29    32    30    30    32    30    28    29    29    28    32    29    31    28    29    29    
13    13    13    14    14    17    15    15    17    15    15    15    17    14    14    13    14    14    14    17    
18    19    18    18    17    18    18    19    18    17    18    17    19    18    17    17    18    17    18    17    
17    14    12    17    14    16    16    15    18    14    13    16    16    13    14    18    18    17    17    10    
20    21    20    20    18    22    20    23    17    20    22    23    21    17    18    18    20    17    17    20    
26    27    27    28    26    27    26    28    26    28    27    27    28    26    26    26    26    26    27    27    
9    18    18    15    18    9    13    15    10    15    9    17    14    11    9    8    13    18    11    12    
15    12    17    18    12    15    13    17    13    16    13    18    15    12    17    12    12    16    15    17    
8    12    9    11    12    10    9    9    10    11    10    9    10    9    10    12    9    8    12    9    
21    21    16    14    20    16    14    15    17    14    15    17    17    22    17    16    16    22    14    14    
10    13    11    10    14    11    14    13    11    10    10    12    11    11    14    11    14    10    10    13    
22    28    25    29    21    20    25    20    26    21    25    27    23    23    26    27    25    20    25    30    
27    28    22    31    25    26    24    26    31    30    32    28    24    24    31    32    26    32    27    29    
13    13    14    15    15    16    14    14    10    11    17    10    9    13    12    16    15    15    15    13    
28    21    25    24    20    22    29    25    28    28    23    26    28    26    20    24    21    22    26    25    
18    18    20    18    17    17    14    16    20    18    19    14    14    14    18    18    19    14    19    20    
39    39    39    37    39    38    38    38    37    38    37    39    38    37    39    37    39    38    37    38    
11    13    9    10    15    12    10    12    16    16    16    10    10    12    12    16    16    17    12    17    
20    19    18    18    17    13    10    13    19    17    17    17    18    10    15    18    17    16    15    15    
13    14    13    15    16    16    12    17    16    14    14    13    15    16    13    11    19    12    19    14    
19    24    23    18    27    18    27    27    26    22    18    25    25    27    18    25    20    27    18    27