2241.5224609375
2241.48828125
2241.436279296875
2241.404296875
2241.36865234375
2241.32373046875
2241.2900390625
2241.236572265625
2241.193603515625
2241.145263671875
2241.116455078125
2241.066162109375
2241.018310546875
2240.99462890625
2240.93310546875
2240.889892578125
2240.859375
2240.808349609375
2240.766845703125
2240.72802734375
2240.692626953125
2240.645263671875
2240.60546875
2240.5693359375
2240.526123046875
2240.4736328125
2240.451416015625
2240.408203125
2240.36572265625
2240.31787109375
2240.282958984375
2240.248046875
2240.21435546875
2240.158447265625
2240.120849609375
2240.083984375
2240.046630859375
2240.001953125
2239.970947265625
2239.93798828125
2239.893798828125
2239.86572265625
2239.840087890625
2239.80078125
2239.76416015625
2239.727783203125
2239.69482421875
2239.66357421875
2239.6396484375
2239.606689453125
2239.578857421875
2239.5517578125
2239.51904296875
2239.489501953125
2239.451171875
2239.426513671875
2239.414306640625
2239.39697265625
2239.3564453125
2239.34716796875
2239.33349609375
2239.302490234375
2239.27880859375
2239.263916015625
2239.234130859375
2239.21728515625
2239.203125
2239.196533203125
2239.17626953125
2239.175537109375
2239.14208984375
2239.132080078125
2239.13232421875
2239.1201171875
2239.113037109375
2239.098876953125
2239.09619140625
2239.091552734375
2239.072509765625
2239.072509765625
2239.072265625
2239.060302734375
2239.05859375
2239.059814453125
2239.056396484375
2239.055419921875
2239.0673828125
2239.065673828125
2239.07080078125
2239.07763671875
2239.07666015625
2239.083251953125
2239.08935546875
2239.090576171875
2239.10498046875
2239.11572265625
2239.121337890625
2239.1376953125
2239.144287109375
2239.154052734375
2239.175048828125
2239.180419921875
2239.19775390625
2239.2197265625
2239.23095703125
2239.257080078125
2239.267822265625
2239.294189453125
2239.313720703125
2239.328369140625
2239.352783203125
2239.379638671875
2239.404052734375
2239.419921875
2239.4423828125
2239.4658203125
2239.496337890625
2239.518310546875
2239.54736328125
2239.5791015625
2239.605712890625
2239.633056640625
2239.661865234375
2239.690673828125
2239.718505859375
2239.751708984375
2239.7763671875
2239.80712890625
2239.846435546875
2239.877197265625
2239.9140625
2239.93798828125
2239.978271484375
2240.010009765625
2240.048095703125
2240.07763671875
2240.115478515625
2240.158203125
2240.18798828125
2240.2177734375
2240.250732421875
2240.30078125
2240.328125
2240.3740234375
2240.403076171875
2240.4345703125
2240.475341796875
2240.514404296875
2240.55615234375
2240.590087890625
2240.622314453125
2240.662841796875
2240.698486328125
2240.73779296875
2240.76806640625
2240.806884765625
2240.83984375
2240.885498046875
2240.92626953125
2240.962646484375
2240.999267578125
2241.03662109375
2241.067138671875
2241.112060546875
2241.133056640625
2241.18505859375
2241.205078125
2241.23681640625
2241.286376953125
2241.31591796875
2241.343505859375
2241.38232421875
2241.403564453125
2241.44580078125
2241.46923828125
2241.50927734375
2241.5400390625
2241.56982421875
2241.6064453125
2241.635986328125
2241.665283203125
2241.683837890625
2241.715576171875
2241.752197265625
2241.769775390625
2241.804931640625
2241.8203125
2241.8623046875
2241.87158203125
2241.894287109375
2241.924560546875
2241.93994140625
2241.973388671875
2241.9853515625
2242.018310546875
2242.033203125
2242.057861328125
2242.06640625
2242.086669921875
2242.109375
2242.1279296875
2242.136962890625
2242.165771484375
2242.170166015625
2242.179931640625
2242.19287109375
2242.203857421875
2242.220458984375
2242.2314453125
2242.248291015625
2242.253173828125
2242.272216796875
2242.265625
2242.27294921875
2242.292724609375
2242.301513671875
2242.30517578125
2242.310546875
2242.314208984375
2242.30908203125
2242.32080078125
2242.317138671875
2242.32763671875
2242.3203125
2242.33837890625
2242.33056640625
2242.333251953125
2242.317626953125
2242.315185546875
2242.334716796875
2242.317138671875
2242.322021484375
2242.31396484375
2242.30126953125
2242.301513671875
2242.286865234375
2242.286865234375
2242.283447265625
2242.2783203125
2242.26953125
2242.252685546875
2242.247802734375
2242.238525390625
2242.232666015625
2242.209228515625
2242.218994140625
2242.196044921875
2242.188720703125
2242.163818359375
2242.152587890625
2242.140625
2242.13623046875
2242.1005859375
2242.083740234375
2242.07958984375
2242.06201171875
2242.051025390625
2242.0322265625
2242.013916015625
2241.998291015625
2241.990478515625
2241.968505859375
2241.9384765625
2241.926025390625
2241.91162109375
2241.890625
2241.880126953125
2241.87060546875
2241.83349609375
2241.826171875
2241.801025390625
2241.775146484375
2241.765380859375
2241.74365234375
2241.73291015625
2241.69921875
2241.678955078125
2241.6591796875
2241.655029296875
2241.610107421875
2241.6044921875
2241.58544921875
2241.551025390625
2241.54296875
2241.530029296875
2241.4921875
2241.48779296875
2241.465087890625
2241.427001953125
2241.41943359375
2241.396728515625
2241.38525390625
2241.374267578125
2241.3662109375
2241.3408203125
2241.31396484375
2241.307373046875
2241.29052734375
2241.272216796875
2241.255126953125
2241.240966796875
2241.226318359375
2241.197998046875
2241.180908203125
2241.1748046875
2241.15625
2241.14501953125
2241.1416015625
2241.126708984375
2241.109619140625
2241.089111328125
2241.085693359375
2241.074462890625
2241.054443359375
2241.042724609375
2241.032470703125
2241.040283203125
2241.005859375
2241.0224609375
2241.0146484375
2241.001220703125
2240.989990234375
2240.976318359375
2240.984619140625
2240.96435546875
2240.9697265625
2240.962890625
2240.9638671875
2240.9609375
2240.9443359375
2240.947265625
2240.950439453125
2240.95703125
2240.956298828125
2240.953369140625
2240.963623046875
2240.964599609375
2240.973388671875
2240.967041015625
2240.96923828125
2240.972412109375
2240.97900390625
2240.98876953125
2240.99609375
2240.998291015625
2241.00537109375
2241.006591796875
2241.032470703125
2241.03662109375
2241.047607421875
2241.056884765625
2241.07275390625
2241.076904296875
2241.089599609375
2241.1083984375
2241.121826171875
2241.129150390625
2241.144287109375
2241.169677734375
2241.182861328125
2241.179931640625
2241.1982421875
2241.236572265625
2241.237060546875
2241.26708984375
2241.27294921875
2241.3037109375
2241.31005859375
2241.333740234375
2241.350830078125
2241.37353515625
2241.3984375
2241.422607421875
2241.448486328125
2241.46435546875
2241.486572265625
2241.50439453125
2241.523681640625
2241.564697265625
2241.578369140625
2241.593017578125
2241.624755859375
2241.638916015625
2241.66845703125
2241.689453125
2241.712890625
2241.740478515625
2241.768798828125
2241.79248046875
2241.81103515625
2241.84765625
2241.864013671875
2241.8857421875
2241.920654296875
2241.9345703125
2241.950439453125
2241.969970703125
2242.004150390625
2242.0234375
2242.0400390625
2242.078125
2242.100830078125
2242.1298828125
2242.13330078125
2242.1806640625
2242.17919921875
2242.204833984375
2242.22021484375
2242.259033203125
2242.26953125
2242.2998046875
2242.316162109375
2242.331787109375
2242.353271484375
2242.38427734375
2242.391845703125
2242.40869140625
2242.429443359375
2242.4501953125
2242.475830078125
2242.482666015625
2242.50390625
2242.523193359375
2242.5244140625
2242.547119140625
2242.572998046875
2242.59375
2242.608154296875
2242.626220703125
2242.630615234375
2242.63916015625
2242.65087890625
2242.67431640625
2242.698486328125
2242.700927734375
2242.701416015625
2242.718505859375
2242.728271484375
2242.73779296875
2242.7490234375
2242.753173828125
2242.765380859375
2242.7646484375
2242.7587890625
2242.7763671875
2242.77880859375
2242.777587890625
2242.78515625
2242.795654296875
2242.788330078125
2242.779296875
2242.782958984375
2242.79296875
2242.789794921875
2242.781005859375
2242.770263671875
2242.77001953125
2242.771240234375
2242.771240234375
2242.773681640625
2242.751708984375
2242.754638671875
2242.743408203125
2242.732666015625
2242.727294921875
2242.7138671875
2242.7021484375
2242.680908203125
2242.693115234375
2242.662109375
2242.65771484375
2242.6357421875
2242.6162109375
2242.5927734375
2242.579345703125
2242.561279296875
2242.55029296875
2242.5322265625
2242.51416015625
2242.497802734375
2242.468994140625
2242.446533203125
2242.435546875
2242.40625
2242.379638671875
2242.34912109375
2242.3251953125
2242.316650390625
2242.277099609375
2242.269287109375
2242.220947265625
2242.201904296875
2242.17041015625
2242.14453125
2242.118896484375
2242.086669921875
2242.0625
2242.015625
2241.98681640625
2241.973388671875
2241.927978515625
2241.880859375
2241.860107421875
2241.814697265625
2241.778564453125
2241.760986328125
2241.722412109375
2241.673583984375
2241.641845703125
2241.6005859375
2241.56640625
2241.5302734375
2241.489013671875
2241.45947265625
2241.41748046875
2241.391357421875
2241.34912109375
2241.314208984375
2241.274658203125
2241.236083984375
2241.19189453125
2241.16015625
2241.115478515625
2241.063232421875
2241.04052734375
2241.0029296875
2240.9658203125
2240.926513671875
2240.889404296875
2240.83642578125
2240.80712890625
2240.765625
2240.725830078125
2240.680419921875
2240.6357421875
2240.613037109375
2240.567626953125
2240.527587890625
2240.494140625
2240.443603515625
2240.412841796875
2240.375244140625
2240.3447265625
2240.30126953125
2240.268310546875
2240.231201171875
2240.20849609375
2240.168701171875
2240.136474609375
2240.0966796875
2240.07275390625
2240.030517578125
2239.9970703125
2239.97216796875
2239.93212890625
2239.896484375
2239.87451171875
2239.8427734375
2239.822021484375
2239.77734375
2239.745849609375
2239.735595703125
2239.69921875
2239.67138671875
2239.64501953125
2239.629638671875
2239.5908203125
2239.5712890625
2239.550537109375
2239.529541015625
2239.501220703125
2239.494384765625
2239.46875
2239.43896484375
2239.42578125
2239.4013671875
2239.385986328125
2239.366455078125
2239.362060546875
2239.339599609375
2239.32958984375
2239.314453125
2239.30908203125
2239.2978515625
2239.28076171875
2239.266357421875
2239.261474609375
2239.253662109375
2239.247802734375
2239.2431640625
2239.22900390625
2239.228515625
2239.224609375
2239.21630859375
2239.214111328125
2239.215087890625
2239.20703125
2239.2119140625
2239.208740234375
2239.205078125
2239.216552734375
2239.223388671875
2239.22900390625
2239.23583984375
2239.23486328125
2239.24169921875
2239.254638671875
2239.2578125
2239.264404296875
2239.28515625
2239.29443359375
2239.2998046875
2239.31298828125
2239.33642578125
2239.345458984375
2239.361328125
2239.372802734375
2239.39990234375
2239.404052734375
2239.421875
2239.445556640625
2239.46484375
2239.485595703125
2239.5029296875
2239.5302734375
2239.548828125
2239.56982421875
2239.590087890625
2239.623779296875
2239.645263671875
2239.66162109375
2239.691650390625
2239.718505859375
2239.739990234375
2239.76220703125
2239.790771484375
2239.822021484375
2239.84619140625
2239.879638671875
2239.8974609375
2239.933837890625
2239.96044921875
2239.99755859375
2240.0244140625
2240.0546875
2240.080322265625
2240.12646484375
2240.1513671875
2240.192626953125
2240.212646484375
2240.2490234375
2240.285888671875
2240.31591796875
2240.34423828125
2240.3818359375
2240.424560546875
2240.451171875
2240.4853515625
2240.5234375
2240.544677734375
2240.587890625
2240.622802734375
2240.655517578125
2240.691650390625
2240.719970703125
2240.75244140625
2240.783935546875
2240.8193359375
2240.858642578125
2240.898681640625
2240.92724609375
2240.956787109375
2240.998291015625
2241.035888671875
2241.06689453125
2241.096435546875
2241.133544921875
2241.171875
2241.19970703125
2241.230712890625
2241.2578125
2241.29296875
2241.32373046875
2241.364501953125
2241.391845703125
2241.41357421875
2241.452880859375
2241.47509765625
2241.507080078125
2241.53271484375
2241.5625
2241.594970703125
2241.6142578125
2241.6416015625
2241.676513671875
2241.6943359375
2241.71923828125
2241.75048828125
2241.774169921875
2241.807373046875
2241.825439453125
2241.8564453125
2241.87646484375
2241.8974609375
2241.9208984375
2241.94189453125
2241.966064453125
2241.978759765625
2241.999755859375
2242.02197265625
2242.038330078125
2242.051025390625
2242.07373046875
2242.09130859375
2242.104248046875
2242.1220703125
2242.138427734375
2242.150390625
2242.162353515625
2242.17529296875
2242.178955078125
2242.20166015625
2242.205810546875
2242.22216796875
2242.22412109375
2242.244140625
2242.24658203125
2242.258544921875
2242.2705078125
2242.271728515625
2242.271728515625
2242.288330078125
2242.296142578125
2242.296142578125
2242.29296875
2242.29931640625
2242.297607421875
2242.295654296875
2242.29541015625
2242.29150390625
2242.300048828125
2242.2958984375
2242.291259765625
2242.296630859375
2242.290771484375
2242.287841796875
2242.280029296875
2242.27880859375
2242.28125
2242.278076171875
2242.265625
2242.251953125
2242.24267578125
2242.240966796875
2242.23193359375
2242.215576171875
2242.21826171875
2242.19775390625
2242.190673828125
2242.180419921875
2242.173828125
2242.159423828125
2242.1484375
2242.13525390625
2242.114990234375
2242.114013671875
2242.091552734375
2242.0771484375
2242.068359375
2242.05615234375
2242.043701171875
2242.0244140625
2242.01220703125
2241.991455078125
2241.98291015625
2241.958251953125
2241.943603515625
2241.927490234375
2241.905517578125
2241.88818359375
2241.875
2241.85498046875
2241.846923828125
2241.822021484375
2241.804443359375
2241.7861328125
2241.76025390625
2241.751708984375
2241.735595703125
2241.716552734375
2241.69287109375
2241.673828125
2241.663330078125
2241.6455078125
2241.633544921875
2241.61328125
2241.587646484375
2241.5673828125
2241.5478515625
2241.5361328125
2241.513671875
2241.4912109375
2241.4775390625
2241.4599609375
2241.44775390625
2241.424560546875
2241.411376953125
2241.386962890625
2241.37646484375
2241.349365234375
2241.333251953125
2241.319580078125
2241.30810546875
2241.293212890625
2241.26953125
2241.266357421875
2241.245849609375
2241.24365234375
2241.227783203125
2241.20166015625
2241.185546875
2241.183349609375
2241.1630859375
2241.152587890625
2241.13671875
2241.1337890625
2241.122802734375
2241.113525390625
2241.104248046875
2241.088134765625
2241.085693359375
2241.07080078125
2241.070068359375
2241.058837890625
2241.06005859375
2241.05712890625
2241.044677734375
2241.042724609375
2241.03564453125
2241.0224609375
2241.02783203125
2241.015380859375
2241.016357421875
2241.0166015625
2241.0107421875
2241.008544921875
2241.01123046875
2241.014404296875
2241.01123046875
2241.0166015625
2241.027099609375
2241.0185546875
2241.0185546875
2241.0234375
2241.031005859375
2241.0244140625
2241.04052734375
2241.04443359375
2241.053466796875
2241.0517578125
2241.0673828125
2241.066650390625
2241.085693359375
2241.09228515625
2241.097412109375
2241.10498046875
2241.123779296875
2241.1298828125
2241.14453125
2241.157470703125
2241.1669921875
2241.17626953125
2241.191162109375
2241.203857421875
2241.213623046875
2241.233154296875
2241.246826171875
2241.252685546875
2241.271240234375
2241.286865234375
2241.3056640625
2241.321533203125
2241.337646484375
2241.35595703125
2241.370849609375
2241.3916015625
2241.403564453125
2241.429931640625
2241.445068359375
2241.459716796875
2241.4931640625
2241.507080078125
2241.5205078125
2241.55322265625
2241.56005859375
2241.58544921875
2241.60400390625
2241.62158203125
2241.640869140625
2241.667724609375
2241.67578125
2241.70361328125
2241.7275390625
2241.737548828125
2241.763916015625
2241.77294921875
2241.80126953125
2241.83203125
2241.84912109375
2241.874267578125
2241.890625
2241.9140625
2241.93701171875
2241.954345703125
2241.982666015625
2241.994384765625
2242.009765625
2242.03369140625
2242.053955078125
2242.0732421875
2242.09228515625
2242.115234375
2242.139404296875
2242.153076171875
2242.173583984375
2242.198486328125
2242.212890625
2242.22412109375
2242.244384765625
2242.266845703125
2242.283203125
2242.30126953125
2242.31982421875
2242.335693359375
2242.353759765625
2242.36376953125
2242.379150390625
2242.39892578125
2242.410888671875
2242.42333984375
2242.429443359375
2242.447265625
2242.461669921875
2242.471435546875
2242.478759765625
2242.494140625
2242.497802734375
2242.504638671875
2242.526611328125
2242.531005859375
2242.537109375
2242.5458984375
2242.556396484375
2242.560546875
2242.5615234375
2242.57568359375
2242.58154296875
2242.586181640625
2242.60107421875
2242.58837890625
2242.59521484375
2242.595947265625
2242.60009765625
2242.606689453125
2242.597412109375
2242.591552734375
2242.599365234375
2242.590576171875
2242.58251953125
2242.5830078125
2242.585205078125
2242.580322265625
2242.57275390625
2242.5673828125
2242.551513671875
2242.556640625
2242.552490234375
2242.533935546875
2242.532958984375
2242.510986328125
2242.4990234375
2242.487548828125
2242.486572265625
2242.454833984375
2242.4580078125
2242.43701171875
2242.435302734375
2242.412353515625
2242.401611328125
2242.37841796875
2242.356201171875
2242.3408203125
2242.328125
2242.301513671875
2242.2939453125
2242.2734375
2242.241943359375
2242.22607421875
2242.207763671875
2242.186767578125
